------
[[[ 0.          3.19207768  6.38415536  9.57623304 12.76831072 15.9603884  19.15246608 22.34454376] 
  [ 3.19207768  0.          1.48854493  2.41529136  3.92255301  5.53292462  7.29405956  9.21972869] 
  [ 6.38415536  1.02285299  2.51139792  3.43814434  4.945406    6.55577761  8.31691255 10.24258168] 
  [ 9.57623304  2.79841276  3.70896361  4.63571003  6.14297169  7.7533433   9.51447823 11.44014737] 
  [12.76831072  4.01758445  4.9281353   5.85488173  7.36214338  8.97251499 10.46021558 12.38588472] 
  [15.9603884   6.31729939  7.22785024  7.82612327  9.33338493 10.94375653 10.20382157 12.1294907 ] 
  [19.15246608  8.35447185  9.2650227   9.86329574 11.37055739 12.980929   12.24099403 14.16666316] 
  [22.34454376 10.40219647 11.31274732 11.91102035 13.41828201 15.02865362 14.28871865 13.31543828]]

 [[ 0.          3.19207768  6.38415536  9.57623304 12.76831072 15.9603884  19.15246608 22.34454376]
  [ 3.19207768  0.          1.48854493  2.41529136  3.92255301  5.53292462  7.29405956  9.21972869]
  [ 6.38415536  1.02285299  2.51139792  3.43814434  4.945406    6.55577761  8.31691255 10.24258168]
  [ 9.57623304  2.79841276  3.70896361  4.63571003  6.14297169  7.7533433   9.51447823 11.44014737]
  [12.76831072  4.01758445  4.9281353   5.85488173  7.36214338  8.97251499 10.46021558 12.38588472]
  [15.9603884   6.31729939  7.22785024  7.82612327  9.33338493 10.94375653 10.20382157 12.1294907 ]
  [19.15246608  8.35447185  9.2650227   9.86329574 11.37055739 12.980929   12.24099403 14.16666316]
  [22.34454376 10.40219647 11.31274732 11.91102035 13.41828201 15.02865362 14.28871865 13.31543828]]

 [[ 0.          3.19207768  6.38415536  9.57623304 12.76831072 15.9603884  19.15246608 22.34454376]
  [ 3.19207768  3.19207768  3.19207768  3.19207768  4.96763745  6.09818456  8.39789949 10.43507196]
  [ 6.38415536  3.19207768  0.          0.          1.77555977  2.90610688  5.20582181  7.24299428]
  [ 9.57623304  3.19207768  0.          0.          1.77555977  2.90610688  5.20582181  7.24299428]
  [12.76831072  4.68062261  1.48854493  1.48854493  3.2641047   3.48625888  5.78597382  7.82314628]
  [15.9603884   5.7034756   2.51139792  2.51139792  4.28695769  4.50911187  6.68883051  8.72600298]
  [19.15246608  7.60991495  4.41783727  4.41783727  6.19339704  6.41555122  8.59526986 10.63244233]
  [22.34454376  8.89331244  5.70123476  5.70123476  7.47679453  7.69894871  9.87866736 11.91583982]]

 [[ 0.          3.19207768  6.38415536  9.57623304 12.76831072 15.9603884  19.15246608 22.34454376]
  [ 3.19207768  0.          1.77555977  2.90610688  5.20582181  7.24299428  7.24299428  7.24299428]
  [ 6.38415536  1.48854493  3.2641047   3.48625888  5.78597382  7.82314628  7.82314628  7.82314628]
  [ 9.57623304  2.51139792  4.28695769  4.50911187  6.68883051  8.72600298  8.72600298  8.72600298]
  [12.76831072  4.41783727  6.19339704  6.41555122  8.59526986 10.63244233 10.63244233 10.63244233]
  [15.9603884   5.70123476  7.47679453  7.69894871  9.87866736 11.91583982 11.91583982 11.91583982]
  [19.15246608  5.70123476  7.47679453  7.69894871  9.87866736 11.91583982 11.91583982 11.91583982]
  [22.34454376  5.70123476  7.47679453  7.69894871  9.87866736 11.91583982 11.91583982 11.91583982]]

 [[ 0.          3.19207768  6.38415536  9.57623304 12.76831072 15.9603884  19.15246608 22.34454376]
  [ 3.19207768  3.19207768  3.19207768  3.19207768  4.96763745  6.4748991   7.7582966  10.05801153]
  [ 6.38415536  3.19207768  0.          0.          1.77555977  3.28282142  4.56621892  6.86593385]
  [ 9.57623304  3.19207768  0.          0.          1.77555977  3.28282142  4.56621892  6.86593385]
  [12.76831072  4.21493067  1.02285299  1.02285299  1.07444425  2.5817059   3.8651034   6.16481833]
  [15.9603884   5.99049044  2.79841276  2.79841276  2.85000402  4.35726567  4.06497229  6.36468723]
  [19.15246608  7.27388793  4.08181025  4.08181025  4.13340151  4.46167039  3.64123923  5.94095417]
  [22.34454376  9.25038355  6.05830587  6.05830587  6.10989713  6.438166    5.61773485  4.17846136]]

 [[ 0.          3.19207768  6.38415536  9.57623304 12.76831072 15.9603884  19.15246608 22.34454376]
  [ 3.19207768  0.          1.77555977  3.28282142  4.56621892  6.86593385  6.86593385  6.86593385]
  [ 6.38415536  1.02285299  1.07444425  2.5817059   3.8651034   6.16481833  6.16481833  6.16481833]
  [ 9.57623304  2.79841276  2.85000402  4.35726567  4.06497229  6.36468723  6.36468723  6.36468723]
  [12.76831072  4.08181025  4.13340151  4.46167039  3.64123923  5.94095417  5.94095417  5.94095417]
  [15.9603884   6.05830587  6.10989713  6.438166    5.61773485  4.17846136  4.17846136  4.17846136]
  [19.15246608  6.05830587  6.10989713  6.438166    5.61773485  4.17846136  4.17846136  4.17846136]
  [22.34454376  6.05830587  6.10989713  6.438166    5.61773485  4.17846136  4.17846136  4.17846136]]

 [[ 0.          3.19207768  6.38415536  9.57623304 12.76831072 15.9603884  19.15246608 22.34454376]
  [ 3.19207768  3.19207768  3.19207768  3.19207768  4.21493067  5.99049044  7.27388793  9.25038355]
  [ 6.38415536  3.19207768  0.          0.          1.02285299  2.79841276  4.08181025  6.05830587]
  [ 9.57623304  3.19207768  0.          0.          1.02285299  2.79841276  4.08181025  6.05830587]
  [12.76831072  4.99847108  1.8063934   1.8063934   2.82924639  4.60480616  5.88820365  7.86469927]
  [15.9603884   7.23593286  4.04385518  4.04385518  5.06670817  4.01619832  5.29959581  7.27609143]
  [19.15246608  8.25878585  5.06670817  5.06670817  6.08956116  5.0390513   5.20315025  7.17964586]
  [22.34454376  9.76604751  6.57396982  6.57396982  7.59682281  6.54631296  6.7104119   7.91002253]]

 [[ 0.          3.19207768  6.38415536  9.57623304 12.76831072 15.9603884  19.15246608 22.34454376]
  [ 3.19207768  0.          1.02285299  2.79841276  4.08181025  6.05830587  6.05830587  6.05830587]
  [ 6.38415536  1.8063934   2.82924639  4.60480616  5.88820365  7.86469927  7.86469927  7.86469927]
  [ 9.57623304  4.04385518  5.06670817  4.01619832  5.29959581  7.27609143  7.27609143  7.27609143]
  [12.76831072  5.06670817  6.08956116  5.0390513   5.20315025  7.17964586  7.17964586  7.17964586]
  [15.9603884   6.57396982  7.59682281  6.54631296  6.7104119   7.91002253  7.91002253  7.91002253]
  [19.15246608  6.57396982  7.59682281  6.54631296  6.7104119   7.91002253  7.91002253  7.91002253]
  [22.34454376  6.57396982  7.59682281  6.54631296  6.7104119   7.91002253  7.91002253  7.91002253]]

 [[ 0.          3.19207768  6.38415536  9.57623304 12.76831072 15.9603884  19.15246608 22.34454376]
  [ 3.19207768  3.19207768  3.19207768  3.19207768  4.11882411  5.46448853  6.68366023  9.09537474]
  [ 6.38415536  3.19207768  0.          0.          0.92674643  2.27241085  3.49158255  5.90329706]
  [ 9.57623304  3.19207768  0.          0.          0.92674643  2.27241085  3.49158255  5.90329706]
  [12.76831072  4.68062261  1.48854493  1.48854493  1.07444425  2.42010868  3.63928037  6.05099488]
  [15.9603884   5.60736904  2.41529136  2.41529136  1.48854493  2.83420936  4.05338105  6.46509556]
  [19.15246608  7.3829288   4.19085112  4.19085112  3.2641047   2.02576705  3.24493875  5.65665326]
  [22.34454376  8.99330041  5.80122273  5.80122273  4.8744763   3.63613866  4.85531035  7.26702486]]

 [[ 0.          3.19207768  6.38415536  9.57623304 12.76831072 15.9603884  19.15246608 22.34454376]
  [ 3.19207768  0.          0.92674643  2.27241085  3.49158255  5.90329706  5.90329706  5.90329706]
  [ 6.38415536  1.48854493  1.07444425  2.42010868  3.63928037  6.05099488  6.05099488  6.05099488]
  [ 9.57623304  2.41529136  1.48854493  2.83420936  4.05338105  6.46509556  6.46509556  6.46509556]
  [12.76831072  4.19085112  3.2641047   2.02576705  3.24493875  5.65665326  5.65665326  5.65665326]
  [15.9603884   5.80122273  4.8744763   3.63613866  4.85531035  7.26702486  7.26702486  7.26702486]
  [19.15246608  5.80122273  4.8744763   3.63613866  4.85531035  7.26702486  7.26702486  7.26702486]
  [22.34454376  5.80122273  4.8744763   3.63613866  4.85531035  7.26702486  7.26702486  7.26702486]]

 [[ 0.          3.19207768  6.38415536  9.57623304 12.76831072 15.9603884  19.15246608 22.34454376]
  [ 3.19207768  3.19207768  3.19207768  3.19207768  4.68062261  5.7034756   7.60991495  8.89331244]
  [ 6.38415536  3.19207768  0.          0.          1.48854493  2.51139792  4.41783727  5.70123476]
  [ 9.57623304  3.19207768  0.          0.          1.48854493  2.51139792  4.41783727  5.70123476]
  [12.76831072  4.96763745  1.77555977  1.77555977  3.2641047   4.28695769  6.19339704  7.47679453]
  [15.9603884   6.09818456  2.90610688  2.90610688  3.48625888  4.50911187  6.41555122  7.69894871]
  [19.15246608  8.39789949  5.20582181  5.20582181  5.78597382  6.68883051  8.59526986  9.87866736]
  [22.34454376 10.43507196  7.24299428  7.24299428  7.82314628  8.72600298 10.63244233 11.91583982]]

 [[ 0.          3.19207768  6.38415536  9.57623304 12.76831072 15.9603884  19.15246608 22.34454376]
  [ 3.19207768  0.          1.48854493  2.51139792  4.41783727  5.70123476  5.70123476  5.70123476]
  [ 6.38415536  1.77555977  3.2641047   4.28695769  6.19339704  7.47679453  7.47679453  7.47679453]
  [ 9.57623304  2.90610688  3.48625888  4.50911187  6.41555122  7.69894871  7.69894871  7.69894871]
  [12.76831072  5.20582181  5.78597382  6.68883051  8.59526986  9.87866736  9.87866736  9.87866736]
  [15.9603884   7.24299428  7.82314628  8.72600298 10.63244233 11.91583982 11.91583982 11.91583982]
  [19.15246608  7.24299428  7.82314628  8.72600298 10.63244233 11.91583982 11.91583982 11.91583982]
  [22.34454376  7.24299428  7.82314628  8.72600298 10.63244233 11.91583982 11.91583982 11.91583982]]

 [[ 0.          3.19207768  6.38415536  9.57623304 12.76831072 15.9603884  19.15246608 22.34454376]
  [ 3.19207768  0.          0.          0.          1.77555977  2.99473146  5.6869532   7.48232632]
  [ 6.38415536  1.48854493  1.48854493  1.48854493  2.68611062  3.90528231  6.59750405  8.39287717]
  [ 9.57623304  2.41529136  2.41529136  2.41529136  3.61285705  3.91731305  6.60953479  8.40490791]
  [12.76831072  3.92255301  3.92255301  3.92255301  5.1201187   4.21497828  6.90720002  8.70257314]
  [15.9603884   5.53292462  5.53292462  5.53292462  6.73049031  5.82534989  8.51757162 10.31294474]
  [19.15246608  7.29405956  7.29405956  7.29405956  8.49162525  7.58648482  7.43701626  9.23238938]
  [22.34454376  9.21972869  9.21972869  9.21972869 10.41729438  9.51215396  9.36268539 11.15805851]]

 [[ 0.          3.19207768  6.38415536  9.57623304 12.76831072 15.9603884  19.15246608 22.34454376]
  [ 3.19207768  0.          1.77555977  2.99473146  5.6869532   7.48232632  7.48232632  7.48232632]
  [ 6.38415536  1.48854493  2.68611062  3.90528231  6.59750405  8.39287717  8.39287717  8.39287717]
  [ 9.57623304  2.41529136  3.61285705  3.91731305  6.60953479  8.40490791  8.40490791  8.40490791]
  [12.76831072  3.92255301  5.1201187   4.21497828  6.90720002  8.70257314  8.70257314  8.70257314]
  [15.9603884   5.53292462  6.73049031  5.82534989  8.51757162 10.31294474 10.31294474 10.31294474]
  [19.15246608  7.29405956  8.49162525  7.58648482  7.43701626  9.23238938  9.23238938  9.23238938]
  [22.34454376  9.21972869 10.41729438  9.51215396  9.36268539 11.15805851 11.15805851 11.15805851]]

 [[ 0.          3.19207768  6.38415536  9.57623304 12.76831072 15.9603884  19.15246608 22.34454376]
  [ 3.19207768  3.19207768  3.19207768  3.19207768  4.68062261  5.60736904  7.3829288   8.99330041]
  [ 6.38415536  3.19207768  0.          0.          1.48854493  2.41529136  4.19085112  5.80122273]
  [ 9.57623304  3.19207768  0.          0.          1.48854493  2.41529136  4.19085112  5.80122273]
  [12.76831072  4.96763745  1.77555977  1.77555977  2.68611062  3.1002113   4.87577107  6.48614268]
  [15.9603884   6.4748991   3.28282142  3.28282142  4.19337227  4.60747296  6.38303272  7.99340433]
  [19.15246608  7.7582966   4.56621892  4.56621892  5.47676977  5.89087045  6.09073935  7.70111095]
  [22.34454376 10.05801153  6.86593385  6.86593385  7.77648471  8.19058539  8.39045429 10.00082589]]

All results
[13.31543828 13.31543828 11.91583982 11.91583982  4.17846136  4.17846136  7.91002253  7.91002253  7.26702486  7.26702486 11.91583982 11.91583982 11.15805851 11.15805851 10.00082589 10.00082589 15.62323493 15.62323493 12.64845683 12.64845683 11.96441478 11.96441478 12.07038946 12.07038946 11.57973406 11.57973406  9.85193869  9.85193869 14.32747312 14.32747312]