

==================
CBG-CBGW-IM-0
==================

             Factual Sequence                                Counterfactual Sequence                                                                                      
                    Activity        Amount Resource Outcome                Activity        Amount Resource Outcome  Sparcity Similarity   Feasibility     Delta Viability
1323                   -UNK-  15214.229937      nan     1.0                   -UNK-  15214.229937      nan     0.0  0.618132   0.712137  1.677758e-10  0.768455  2.098725
1324                     -s-  15214.229937      nan     1.0                   -UNK-  15214.229937      nan     0.0  0.618132   0.712137  1.677758e-10  0.768455  2.098725
1325             A-SUBMITTED   5000.000000      112     1.0                   -UNK-  15214.229937      nan     0.0  0.618132   0.712137  1.677758e-10  0.768455  2.098725
1326       A-PARTLYSUBMITTED   5000.000000      112     1.0                   -UNK-  15214.229937      nan     0.0  0.618132   0.712137  1.677758e-10  0.768455  2.098725
1327           A-PREACCEPTED   5000.000000      112     1.0                   -UNK-  15214.229937      nan     0.0  0.618132   0.712137  1.677758e-10  0.768455  2.098725
1328  W-Completeren aanvraag   5000.000000    10910     1.0                   -UNK-  15214.229937      nan     0.0  0.618132   0.712137  1.677758e-10  0.768455  2.098725
1329  W-Completeren aanvraag   5000.000000    11179     1.0                   -UNK-  15214.229937      nan     0.0  0.618132   0.712137  1.677758e-10  0.768455  2.098725
1330  W-Completeren aanvraag   5000.000000    11179     1.0                     -s-  15214.229937      nan     0.0  0.618132   0.712137  1.677758e-10  0.768455  2.098725
1331              A-ACCEPTED   5000.000000    11002     1.0             A-SUBMITTED  12500.000000      112     0.0  0.618132   0.712137  1.677758e-10  0.768455  2.098725
1332              O-SELECTED   5000.000000    11002     1.0       A-PARTLYSUBMITTED  12500.000000      112     0.0  0.618132   0.712137  1.677758e-10  0.768455  2.098725
1333             A-FINALIZED   5000.000000    11002     1.0           A-PREACCEPTED  12500.000000      112     0.0  0.618132   0.712137  1.677758e-10  0.768455  2.098725
1334               O-CREATED   5000.000000    11002     1.0              A-ACCEPTED  12500.000000    10862     0.0  0.618132   0.712137  1.677758e-10  0.768455  2.098725
1335                  O-SENT   5000.000000    11002     1.0              O-SELECTED  12500.000000    10862     0.0  0.618132   0.712137  1.677758e-10  0.768455  2.098725
1336  W-Completeren aanvraag   5000.000000    11002     1.0             A-FINALIZED  12500.000000    10862     0.0  0.618132   0.712137  1.677758e-10  0.768455  2.098725
1337     W-Nabellen offertes   5000.000000    11002     1.0               O-CREATED  12500.000000    10862     0.0  0.618132   0.712137  1.677758e-10  0.768455  2.098725
1338     W-Nabellen offertes   5000.000000    11180     1.0                  O-SENT  12500.000000    10862     0.0  0.618132   0.712137  1.677758e-10  0.768455  2.098725
1339     W-Nabellen offertes   5000.000000    11119     1.0  W-Completeren aanvraag  12500.000000    10862     0.0  0.618132   0.712137  1.677758e-10  0.768455  2.098725
1340     W-Nabellen offertes   5000.000000    11299     1.0     W-Nabellen offertes  12500.000000    10862     0.0  0.618132   0.712137  1.677758e-10  0.768455  2.098725
1341              O-SELECTED   5000.000000    11309     1.0     W-Nabellen offertes  12500.000000    10862     0.0  0.618132   0.712137  1.677758e-10  0.768455  2.098725
1342             O-CANCELLED   5000.000000    11309     1.0     W-Nabellen offertes  12500.000000    10982     0.0  0.618132   0.712137  1.677758e-10  0.768455  2.098725
1343               O-CREATED   5000.000000    11309     1.0     W-Nabellen offertes  12500.000000    10939     0.0  0.618132   0.712137  1.677758e-10  0.768455  2.098725
1344                  O-SENT   5000.000000    11309     1.0             O-SENT-BACK  12500.000000    10899     0.0  0.618132   0.712137  1.677758e-10  0.768455  2.098725
1345     W-Nabellen offertes   5000.000000    11309     1.0     W-Nabellen offertes  12500.000000    10899     0.0  0.618132   0.712137  1.677758e-10  0.768455  2.098725
1346     W-Nabellen offertes   5000.000000    11309     1.0              O-ACCEPTED  12500.000000    10629     0.0  0.618132   0.712137  1.677758e-10  0.768455  2.098725
1347             O-CANCELLED   5000.000000    11119     1.0            A-REGISTERED  12500.000000    10629     0.0  0.618132   0.712137  1.677758e-10  0.768455  2.098725
1348             A-CANCELLED   5000.000000    11119     1.0              A-APPROVED  12500.000000    10629     0.0  0.618132   0.712137  1.677758e-10  0.768455  2.098725
1349     W-Nabellen offertes   5000.000000    11119     1.0             A-ACTIVATED  12500.000000    10629     0.0  0.618132   0.712137  1.677758e-10  0.768455  2.098725


==================
CBG-CBGW-IM-1
==================

             Factual Sequence                                Counterfactual Sequence                                                                                      
                    Activity        Amount Resource Outcome                Activity        Amount Resource Outcome  Sparcity Similarity   Feasibility     Delta Viability
1323                   -UNK-  15214.229937      nan     1.0                   -UNK-  15214.229937      nan     0.0  0.730769   0.809568  1.469337e-13  0.763136  2.303473
1324                   -UNK-  15214.229937      nan     1.0                   -UNK-  15214.229937      nan     0.0  0.730769   0.809568  1.469337e-13  0.763136  2.303473
1325                   -UNK-  15214.229937      nan     1.0                   -UNK-  15214.229937      nan     0.0  0.730769   0.809568  1.469337e-13  0.763136  2.303473
1326                   -UNK-  15214.229937      nan     1.0                   -UNK-  15214.229937      nan     0.0  0.730769   0.809568  1.469337e-13  0.763136  2.303473
1327                   -UNK-  15214.229937      nan     1.0                   -UNK-  15214.229937      nan     0.0  0.730769   0.809568  1.469337e-13  0.763136  2.303473
1328                   -UNK-  15214.229937      nan     1.0                   -UNK-  15214.229937      nan     0.0  0.730769   0.809568  1.469337e-13  0.763136  2.303473
1329                     -s-  15214.229937      nan     1.0                   -UNK-  15214.229937      nan     0.0  0.730769   0.809568  1.469337e-13  0.763136  2.303473
1330             A-SUBMITTED  12000.000000      112     1.0                   -UNK-  15214.229937      nan     0.0  0.730769   0.809568  1.469337e-13  0.763136  2.303473
1331       A-PARTLYSUBMITTED  12000.000000      112     1.0                     -s-  15214.229937      nan     0.0  0.730769   0.809568  1.469337e-13  0.763136  2.303473
1332           A-PREACCEPTED  12000.000000      112     1.0             A-SUBMITTED  10000.000000      112     0.0  0.730769   0.809568  1.469337e-13  0.763136  2.303473
1333  W-Completeren aanvraag  12000.000000    11181     1.0       A-PARTLYSUBMITTED  10000.000000      112     0.0  0.730769   0.809568  1.469337e-13  0.763136  2.303473
1334  W-Completeren aanvraag  12000.000000    10913     1.0           A-PREACCEPTED  10000.000000      112     0.0  0.730769   0.809568  1.469337e-13  0.763136  2.303473
1335              A-ACCEPTED  12000.000000    10913     1.0  W-Completeren aanvraag  10000.000000    11169     0.0  0.730769   0.809568  1.469337e-13  0.763136  2.303473
1336             A-FINALIZED  12000.000000    10913     1.0  W-Completeren aanvraag  10000.000000    11003     0.0  0.730769   0.809568  1.469337e-13  0.763136  2.303473
1337              O-SELECTED  12000.000000    10913     1.0              A-ACCEPTED  10000.000000    11119     0.0  0.730769   0.809568  1.469337e-13  0.763136  2.303473
1338               O-CREATED  12000.000000    10913     1.0             A-FINALIZED  10000.000000    11119     0.0  0.730769   0.809568  1.469337e-13  0.763136  2.303473
1339                  O-SENT  12000.000000    10913     1.0              O-SELECTED  10000.000000    11119     0.0  0.730769   0.809568  1.469337e-13  0.763136  2.303473
1340  W-Completeren aanvraag  12000.000000    10913     1.0               O-CREATED  10000.000000    11119     0.0  0.730769   0.809568  1.469337e-13  0.763136  2.303473
1341              O-SELECTED  12000.000000    10913     1.0                  O-SENT  10000.000000    11119     0.0  0.730769   0.809568  1.469337e-13  0.763136  2.303473
1342             O-CANCELLED  12000.000000    10913     1.0  W-Completeren aanvraag  10000.000000    11119     0.0  0.730769   0.809568  1.469337e-13  0.763136  2.303473
1343               O-CREATED  12000.000000    10913     1.0     W-Nabellen offertes  10000.000000    11119     0.0  0.730769   0.809568  1.469337e-13  0.763136  2.303473
1344                  O-SENT  12000.000000    10913     1.0     W-Nabellen offertes  10000.000000    11201     0.0  0.730769   0.809568  1.469337e-13  0.763136  2.303473
1345     W-Nabellen offertes  12000.000000    10913     1.0             O-SENT-BACK  10000.000000    11259     0.0  0.730769   0.809568  1.469337e-13  0.763136  2.303473
1346     W-Nabellen offertes  12000.000000    10913     1.0     W-Nabellen offertes  10000.000000    11259     0.0  0.730769   0.809568  1.469337e-13  0.763136  2.303473
1347     W-Nabellen offertes  12000.000000    10881     1.0              O-ACCEPTED  10000.000000    11289     0.0  0.730769   0.809568  1.469337e-13  0.763136  2.303473
1348     W-Nabellen offertes  12000.000000    10881     1.0              A-APPROVED  10000.000000    11289     0.0  0.730769   0.809568  1.469337e-13  0.763136  2.303473
1349     W-Nabellen offertes  12000.000000    11009     1.0            A-REGISTERED  10000.000000    11289     0.0  0.730769   0.809568  1.469337e-13  0.763136  2.303473


==================
CBG-CBGW-IM-2
==================

             Factual Sequence                                Counterfactual Sequence                                                                                   
                    Activity        Amount Resource Outcome                Activity        Amount Resource Outcome  Sparcity Similarity Feasibility    Delta Viability
1323                   -UNK-  15214.229937      nan     0.0                   -UNK-  15214.229937      nan     1.0  0.653846   0.726966    0.135688  0.98295   2.49945
1324                   -UNK-  15214.229937      nan     0.0                   -UNK-  15214.229937      nan     1.0  0.653846   0.726966    0.135688  0.98295   2.49945
1325                   -UNK-  15214.229937      nan     0.0                   -UNK-  15214.229937      nan     1.0  0.653846   0.726966    0.135688  0.98295   2.49945
1326                     -s-  15214.229937      nan     0.0                   -UNK-  15214.229937      nan     1.0  0.653846   0.726966    0.135688  0.98295   2.49945
1327             A-SUBMITTED   8000.000000      112     0.0                   -UNK-  15214.229937      nan     1.0  0.653846   0.726966    0.135688  0.98295   2.49945
1328       A-PARTLYSUBMITTED   8000.000000      112     0.0                   -UNK-  15214.229937      nan     1.0  0.653846   0.726966    0.135688  0.98295   2.49945
1329           A-PREACCEPTED   8000.000000    10880     0.0                   -UNK-  15214.229937      nan     1.0  0.653846   0.726966    0.135688  0.98295   2.49945
1330      W-Afhandelen leads   8000.000000    10880     0.0                   -UNK-  15214.229937      nan     1.0  0.653846   0.726966    0.135688  0.98295   2.49945
1331  W-Completeren aanvraag   8000.000000    11121     0.0                   -UNK-  15214.229937      nan     1.0  0.653846   0.726966    0.135688  0.98295   2.49945
1332  W-Completeren aanvraag   8000.000000    11201     0.0                   -UNK-  15214.229937      nan     1.0  0.653846   0.726966    0.135688  0.98295   2.49945
1333  W-Completeren aanvraag   8000.000000    10913     0.0                   -UNK-  15214.229937      nan     1.0  0.653846   0.726966    0.135688  0.98295   2.49945
1334  W-Completeren aanvraag   8000.000000    10913     0.0                   -UNK-  15214.229937      nan     1.0  0.653846   0.726966    0.135688  0.98295   2.49945
1335              A-ACCEPTED   8000.000000    10913     0.0                   -UNK-  15214.229937      nan     1.0  0.653846   0.726966    0.135688  0.98295   2.49945
1336              O-SELECTED   8000.000000    10913     0.0                     -s-  15214.229937      nan     1.0  0.653846   0.726966    0.135688  0.98295   2.49945
1337             A-FINALIZED   8000.000000    10913     0.0             A-SUBMITTED  15000.000000      112     1.0  0.653846   0.726966    0.135688  0.98295   2.49945
1338               O-CREATED   8000.000000    10913     0.0       A-PARTLYSUBMITTED  15000.000000      112     1.0  0.653846   0.726966    0.135688  0.98295   2.49945
1339                  O-SENT   8000.000000    10913     0.0           A-PREACCEPTED  15000.000000      112     1.0  0.653846   0.726966    0.135688  0.98295   2.49945
1340  W-Completeren aanvraag   8000.000000    10913     0.0              A-ACCEPTED  15000.000000    11122     1.0  0.653846   0.726966    0.135688  0.98295   2.49945
1341     W-Nabellen offertes   8000.000000    11000     0.0              O-SELECTED  15000.000000    11122     1.0  0.653846   0.726966    0.135688  0.98295   2.49945
1342     W-Nabellen offertes   8000.000000    11181     0.0             A-FINALIZED  15000.000000    11122     1.0  0.653846   0.726966    0.135688  0.98295   2.49945
1343             O-SENT-BACK   8000.000000    10899     0.0               O-CREATED  15000.000000    11122     1.0  0.653846   0.726966    0.135688  0.98295   2.49945
1344     W-Nabellen offertes   8000.000000    10899     0.0                  O-SENT  15000.000000    11122     1.0  0.653846   0.726966    0.135688  0.98295   2.49945
1345              O-ACCEPTED   8000.000000    10809     0.0  W-Completeren aanvraag  15000.000000    11122     1.0  0.653846   0.726966    0.135688  0.98295   2.49945
1346              A-APPROVED   8000.000000    10809     0.0             A-CANCELLED  15000.000000    11119     1.0  0.653846   0.726966    0.135688  0.98295   2.49945
1347            A-REGISTERED   8000.000000    10809     0.0             O-CANCELLED  15000.000000    11119     1.0  0.653846   0.726966    0.135688  0.98295   2.49945
1348             A-ACTIVATED   8000.000000    10809     0.0     W-Nabellen offertes  15000.000000    11119     1.0  0.653846   0.726966    0.135688  0.98295   2.49945
1349    W-Valideren aanvraag   8000.000000    10809     0.0                    -/s-  15214.229937      nan     1.0  0.653846   0.726966    0.135688  0.98295   2.49945


==================
CBG-CBGW-IM-3
==================

         Factual Sequence                                Counterfactual Sequence                                                                                    
                Activity        Amount Resource Outcome                Activity        Amount Resource Outcome  Sparcity Similarity Feasibility     Delta Viability
1323               -UNK-  15214.229937      nan     0.0                   -UNK-  15214.229937      nan     0.0  0.975275   0.986375    0.421819  0.505443  2.888911
1324               -UNK-  15214.229937      nan     0.0                   -UNK-  15214.229937      nan     0.0  0.975275   0.986375    0.421819  0.505443  2.888911
1325               -UNK-  15214.229937      nan     0.0                   -UNK-  15214.229937      nan     0.0  0.975275   0.986375    0.421819  0.505443  2.888911
1326               -UNK-  15214.229937      nan     0.0                   -UNK-  15214.229937      nan     0.0  0.975275   0.986375    0.421819  0.505443  2.888911
1327               -UNK-  15214.229937      nan     0.0                   -UNK-  15214.229937      nan     0.0  0.975275   0.986375    0.421819  0.505443  2.888911
1328               -UNK-  15214.229937      nan     0.0                   -UNK-  15214.229937      nan     0.0  0.975275   0.986375    0.421819  0.505443  2.888911
1329               -UNK-  15214.229937      nan     0.0                   -UNK-  15214.229937      nan     0.0  0.975275   0.986375    0.421819  0.505443  2.888911
1330               -UNK-  15214.229937      nan     0.0                   -UNK-  15214.229937      nan     0.0  0.975275   0.986375    0.421819  0.505443  2.888911
1331               -UNK-  15214.229937      nan     0.0                   -UNK-  15214.229937      nan     0.0  0.975275   0.986375    0.421819  0.505443  2.888911
1332               -UNK-  15214.229937      nan     0.0                   -UNK-  15214.229937      nan     0.0  0.975275   0.986375    0.421819  0.505443  2.888911
1333               -UNK-  15214.229937      nan     0.0                   -UNK-  15214.229937      nan     0.0  0.975275   0.986375    0.421819  0.505443  2.888911
1334               -UNK-  15214.229937      nan     0.0                   -UNK-  15214.229937      nan     0.0  0.975275   0.986375    0.421819  0.505443  2.888911
1335               -UNK-  15214.229937      nan     0.0                   -UNK-  15214.229937      nan     0.0  0.975275   0.986375    0.421819  0.505443  2.888911
1336               -UNK-  15214.229937      nan     0.0                   -UNK-  15214.229937      nan     0.0  0.975275   0.986375    0.421819  0.505443  2.888911
1337               -UNK-  15214.229937      nan     0.0                   -UNK-  15214.229937      nan     0.0  0.975275   0.986375    0.421819  0.505443  2.888911
1338               -UNK-  15214.229937      nan     0.0                   -UNK-  15214.229937      nan     0.0  0.975275   0.986375    0.421819  0.505443  2.888911
1339               -UNK-  15214.229937      nan     0.0                   -UNK-  15214.229937      nan     0.0  0.975275   0.986375    0.421819  0.505443  2.888911
1340               -UNK-  15214.229937      nan     0.0                   -UNK-  15214.229937      nan     0.0  0.975275   0.986375    0.421819  0.505443  2.888911
1341               -UNK-  15214.229937      nan     0.0                   -UNK-  15214.229937      nan     0.0  0.975275   0.986375    0.421819  0.505443  2.888911
1342               -UNK-  15214.229937      nan     0.0                   -UNK-  15214.229937      nan     0.0  0.975275   0.986375    0.421819  0.505443  2.888911
1343               -UNK-  15214.229937      nan     0.0                   -UNK-  15214.229937      nan     0.0  0.975275   0.986375    0.421819  0.505443  2.888911
1344               -UNK-  15214.229937      nan     0.0                   -UNK-  15214.229937      nan     0.0  0.975275   0.986375    0.421819  0.505443  2.888911
1345                 -s-  15214.229937      nan     0.0                   -UNK-  15214.229937      nan     0.0  0.975275   0.986375    0.421819  0.505443  2.888911
1346         A-SUBMITTED  15000.000000      112     0.0                     -s-  15214.229937      nan     0.0  0.975275   0.986375    0.421819  0.505443  2.888911
1347   A-PARTLYSUBMITTED  15000.000000      112     0.0             A-SUBMITTED  15147.000000      112     0.0  0.975275   0.986375    0.421819  0.505443  2.888911
1348  W-Afhandelen leads  15000.000000      112     0.0       A-PARTLYSUBMITTED  15147.000000      112     0.0  0.975275   0.986375    0.421819  0.505443  2.888911
1349  W-Afhandelen leads  15000.000000    10881     0.0           A-PREACCEPTED  15147.000000      112     0.0  0.975275   0.986375    0.421819  0.505443  2.888911


==================
ES-EGW-CBI-ES-OPC-SBM-FSR-IM-0
==================

             Factual Sequence                                Counterfactual Sequence                                                                                      
                    Activity        Amount Resource Outcome                Activity        Amount Resource Outcome  Sparcity Similarity   Feasibility     Delta Viability
1323                   -UNK-  15214.229937      nan     1.0                   -UNK-  15214.229937      nan     0.0  0.598901   0.761406  4.374988e-13  0.764815  2.125122
1324                     -s-  15214.229937      nan     1.0                   -UNK-  15214.229937      nan     0.0  0.598901   0.761406  4.374988e-13  0.764815  2.125122
1325             A-SUBMITTED   5000.000000      112     1.0                   -UNK-  15214.229937      nan     0.0  0.598901   0.761406  4.374988e-13  0.764815  2.125122
1326       A-PARTLYSUBMITTED   5000.000000      112     1.0                   -UNK-  15214.229937      nan     0.0  0.598901   0.761406  4.374988e-13  0.764815  2.125122
1327           A-PREACCEPTED   5000.000000      112     1.0                   -UNK-  15214.229937      nan     0.0  0.598901   0.761406  4.374988e-13  0.764815  2.125122
1328  W-Completeren aanvraag   5000.000000    10910     1.0                   -UNK-  15214.229937      nan     0.0  0.598901   0.761406  4.374988e-13  0.764815  2.125122
1329  W-Completeren aanvraag   5000.000000    11179     1.0                   -UNK-  15214.229937      nan     0.0  0.598901   0.761406  4.374988e-13  0.764815  2.125122
1330  W-Completeren aanvraag   5000.000000    11179     1.0                   -UNK-  15214.229937      nan     0.0  0.598901   0.761406  4.374988e-13  0.764815  2.125122
1331              A-ACCEPTED   5000.000000    11002     1.0                   -UNK-  15214.229937      nan     0.0  0.598901   0.761406  4.374988e-13  0.764815  2.125122
1332              O-SELECTED   5000.000000    11002     1.0                   -UNK-  15214.229937      nan     0.0  0.598901   0.761406  4.374988e-13  0.764815  2.125122
1333             A-FINALIZED   5000.000000    11002     1.0                   -UNK-  15214.229937      nan     0.0  0.598901   0.761406  4.374988e-13  0.764815  2.125122
1334               O-CREATED   5000.000000    11002     1.0                     -s-  15214.229937      nan     0.0  0.598901   0.761406  4.374988e-13  0.764815  2.125122
1335                  O-SENT   5000.000000    11002     1.0             A-SUBMITTED  10000.000000      112     0.0  0.598901   0.761406  4.374988e-13  0.764815  2.125122
1336  W-Completeren aanvraag   5000.000000    11002     1.0       A-PARTLYSUBMITTED  10000.000000      112     0.0  0.598901   0.761406  4.374988e-13  0.764815  2.125122
1337     W-Nabellen offertes   5000.000000    11002     1.0           A-PREACCEPTED  10000.000000      112     0.0  0.598901   0.761406  4.374988e-13  0.764815  2.125122
1338     W-Nabellen offertes   5000.000000    11180     1.0              A-ACCEPTED  10000.000000    10982     0.0  0.598901   0.761406  4.374988e-13  0.764815  2.125122
1339     W-Nabellen offertes   5000.000000    11119     1.0              O-SELECTED  10000.000000    10982     0.0  0.598901   0.761406  4.374988e-13  0.764815  2.125122
1340     W-Nabellen offertes   5000.000000    11299     1.0             A-FINALIZED  10000.000000    10982     0.0  0.598901   0.761406  4.374988e-13  0.764815  2.125122
1341              O-SELECTED   5000.000000    11309     1.0               O-CREATED  10000.000000    10982     0.0  0.598901   0.761406  4.374988e-13  0.764815  2.125122
1342             O-CANCELLED   5000.000000    11309     1.0                  O-SENT  10000.000000    10982     0.0  0.598901   0.761406  4.374988e-13  0.764815  2.125122
1343               O-CREATED   5000.000000    11309     1.0  W-Completeren aanvraag  10000.000000    10982     0.0  0.598901   0.761406  4.374988e-13  0.764815  2.125122
1344                  O-SENT   5000.000000    11309     1.0     W-Nabellen offertes  10000.000000    10982     0.0  0.598901   0.761406  4.374988e-13  0.764815  2.125122
1345     W-Nabellen offertes   5000.000000    11309     1.0             O-SENT-BACK  10000.000000    11049     0.0  0.598901   0.761406  4.374988e-13  0.764815  2.125122
1346     W-Nabellen offertes   5000.000000    11309     1.0     W-Nabellen offertes  10000.000000    11049     0.0  0.598901   0.761406  4.374988e-13  0.764815  2.125122
1347             O-CANCELLED   5000.000000    11119     1.0              O-ACCEPTED  10000.000000    10972     0.0  0.598901   0.761406  4.374988e-13  0.764815  2.125122
1348             A-CANCELLED   5000.000000    11119     1.0              A-APPROVED  10000.000000    10972     0.0  0.598901   0.761406  4.374988e-13  0.764815  2.125122
1349     W-Nabellen offertes   5000.000000    11119     1.0            A-REGISTERED  10000.000000    10972     0.0  0.598901   0.761406  4.374988e-13  0.764815  2.125122


==================
ES-EGW-CBI-ES-OPC-SBM-FSR-IM-1
==================

             Factual Sequence                                Counterfactual Sequence                                                                                    
                    Activity        Amount Resource Outcome                Activity        Amount Resource Outcome  Sparcity Similarity Feasibility     Delta Viability
1323                   -UNK-  15214.229937      nan     1.0                   -UNK-  15157.083718      nan     0.0  0.796703   0.857583    0.000003  0.762187  2.416476
1324                   -UNK-  15214.229937      nan     1.0                   -UNK-  15381.725888      nan     0.0  0.796703   0.857583    0.000003  0.762187  2.416476
1325                   -UNK-  15214.229937      nan     1.0                   -UNK-  15179.778755      nan     0.0  0.796703   0.857583    0.000003  0.762187  2.416476
1326                   -UNK-  15214.229937      nan     1.0                   -UNK-  15339.669563      nan     0.0  0.796703   0.857583    0.000003  0.762187  2.416476
1327                   -UNK-  15214.229937      nan     1.0                   -UNK-  15375.659173      nan     0.0  0.796703   0.857583    0.000003  0.762187  2.416476
1328                   -UNK-  15214.229937      nan     1.0                   -UNK-  15242.081143      nan     0.0  0.796703   0.857583    0.000003  0.762187  2.416476
1329                     -s-  15214.229937      nan     1.0                   -UNK-  15214.229937      nan     0.0  0.796703   0.857583    0.000003  0.762187  2.416476
1330             A-SUBMITTED  12000.000000      112     1.0             A-SUBMITTED  14455.356079      112     0.0  0.796703   0.857583    0.000003  0.762187  2.416476
1331       A-PARTLYSUBMITTED  12000.000000      112     1.0       A-PARTLYSUBMITTED  15483.752440      112     0.0  0.796703   0.857583    0.000003  0.762187  2.416476
1332           A-PREACCEPTED  12000.000000      112     1.0           A-PREACCEPTED  15057.416495    10629     0.0  0.796703   0.857583    0.000003  0.762187  2.416476
1333  W-Completeren aanvraag  12000.000000    11181     1.0  W-Completeren aanvraag  15262.157218    11122     0.0  0.796703   0.857583    0.000003  0.762187  2.416476
1334  W-Completeren aanvraag  12000.000000    10913     1.0  W-Completeren aanvraag  15048.987248    11179     0.0  0.796703   0.857583    0.000003  0.762187  2.416476
1335              A-ACCEPTED  12000.000000    10913     1.0              A-ACCEPTED  14570.014952    10609     0.0  0.796703   0.857583    0.000003  0.762187  2.416476
1336             A-FINALIZED  12000.000000    10913     1.0  W-Completeren aanvraag  15781.618538    11049     0.0  0.796703   0.857583    0.000003  0.762187  2.416476
1337              O-SELECTED  12000.000000    10913     1.0              O-SELECTED  14850.959472    10913     0.0  0.796703   0.857583    0.000003  0.762187  2.416476
1338               O-CREATED  12000.000000    10913     1.0               O-CREATED  15218.045400    10899     0.0  0.796703   0.857583    0.000003  0.762187  2.416476
1339                  O-SENT  12000.000000    10913     1.0                  O-SENT  15579.018653    10779     0.0  0.796703   0.857583    0.000003  0.762187  2.416476
1340  W-Completeren aanvraag  12000.000000    10913     1.0                   -UNK-  15094.949617      nan     0.0  0.796703   0.857583    0.000003  0.762187  2.416476
1341              O-SELECTED  12000.000000    10913     1.0     W-Nabellen offertes  15733.459559    11339     0.0  0.796703   0.857583    0.000003  0.762187  2.416476
1342             O-CANCELLED  12000.000000    10913     1.0     W-Nabellen offertes  15693.459054    10809     0.0  0.796703   0.857583    0.000003  0.762187  2.416476
1343               O-CREATED  12000.000000    10913     1.0     W-Nabellen offertes  15368.511701    11000     0.0  0.796703   0.857583    0.000003  0.762187  2.416476
1344                  O-SENT  12000.000000    10913     1.0     W-Nabellen offertes  15596.509599    10609     0.0  0.796703   0.857583    0.000003  0.762187  2.416476
1345     W-Nabellen offertes  12000.000000    10913     1.0                   -UNK-  15202.042491      nan     0.0  0.796703   0.857583    0.000003  0.762187  2.416476
1346     W-Nabellen offertes  12000.000000    10913     1.0                   -UNK-  15274.560368      nan     0.0  0.796703   0.857583    0.000003  0.762187  2.416476
1347     W-Nabellen offertes  12000.000000    10881     1.0                   -UNK-  15209.238978      nan     0.0  0.796703   0.857583    0.000003  0.762187  2.416476
1348     W-Nabellen offertes  12000.000000    10881     1.0    W-Valideren aanvraag  15802.616546    10138     0.0  0.796703   0.857583    0.000003  0.762187  2.416476
1349     W-Nabellen offertes  12000.000000    11009     1.0            A-REGISTERED  13835.500631    11319     0.0  0.796703   0.857583    0.000003  0.762187  2.416476


==================
ES-EGW-CBI-ES-OPC-SBM-FSR-IM-2
==================

             Factual Sequence                                Counterfactual Sequence                                                                                      
                    Activity        Amount Resource Outcome                Activity        Amount Resource Outcome  Sparcity Similarity   Feasibility     Delta Viability
1323                   -UNK-  15214.229937      nan     0.0                   -UNK-  15214.229937      nan     1.0  0.758242   0.810635  1.038515e-07  0.982949  2.551826
1324                   -UNK-  15214.229937      nan     0.0                   -UNK-  15214.229937      nan     1.0  0.758242   0.810635  1.038515e-07  0.982949  2.551826
1325                   -UNK-  15214.229937      nan     0.0                   -UNK-  15214.229937      nan     1.0  0.758242   0.810635  1.038515e-07  0.982949  2.551826
1326                     -s-  15214.229937      nan     0.0                   -UNK-  15214.229937      nan     1.0  0.758242   0.810635  1.038515e-07  0.982949  2.551826
1327             A-SUBMITTED   8000.000000      112     0.0                   -UNK-  15214.229937      nan     1.0  0.758242   0.810635  1.038515e-07  0.982949  2.551826
1328       A-PARTLYSUBMITTED   8000.000000      112     0.0                   -UNK-  15214.229937      nan     1.0  0.758242   0.810635  1.038515e-07  0.982949  2.551826
1329           A-PREACCEPTED   8000.000000    10880     0.0                   -UNK-  15214.229937      nan     1.0  0.758242   0.810635  1.038515e-07  0.982949  2.551826
1330      W-Afhandelen leads   8000.000000    10880     0.0                   -UNK-  15214.229937      nan     1.0  0.758242   0.810635  1.038515e-07  0.982949  2.551826
1331  W-Completeren aanvraag   8000.000000    11121     0.0                     -s-  15214.229937      nan     1.0  0.758242   0.810635  1.038515e-07  0.982949  2.551826
1332  W-Completeren aanvraag   8000.000000    11201     0.0             A-SUBMITTED   9000.000000      112     1.0  0.758242   0.810635  1.038515e-07  0.982949  2.551826
1333  W-Completeren aanvraag   8000.000000    10913     0.0       A-PARTLYSUBMITTED   9000.000000      112     1.0  0.758242   0.810635  1.038515e-07  0.982949  2.551826
1334  W-Completeren aanvraag   8000.000000    10913     0.0                   -UNK-  15214.229937      nan     1.0  0.758242   0.810635  1.038515e-07  0.982949  2.551826
1335              A-ACCEPTED   8000.000000    10913     0.0           A-PREACCEPTED   9000.000000    10932     1.0  0.758242   0.810635  1.038515e-07  0.982949  2.551826
1336              O-SELECTED   8000.000000    10913     0.0      W-Afhandelen leads   9000.000000    10932     1.0  0.758242   0.810635  1.038515e-07  0.982949  2.551826
1337             A-FINALIZED   8000.000000    10913     0.0  W-Completeren aanvraag  15299.026458      112     1.0  0.758242   0.810635  1.038515e-07  0.982949  2.551826
1338               O-CREATED   8000.000000    10913     0.0  W-Completeren aanvraag  15000.373787    10910     1.0  0.758242   0.810635  1.038515e-07  0.982949  2.551826
1339                  O-SENT   8000.000000    10913     0.0              A-ACCEPTED  14840.947603    10609     1.0  0.758242   0.810635  1.038515e-07  0.982949  2.551826
1340  W-Completeren aanvraag   8000.000000    10913     0.0              O-SELECTED  14966.357791    10862     1.0  0.758242   0.810635  1.038515e-07  0.982949  2.551826
1341     W-Nabellen offertes   8000.000000    11000     0.0             A-FINALIZED  15286.363850    10863     1.0  0.758242   0.810635  1.038515e-07  0.982949  2.551826
1342     W-Nabellen offertes   8000.000000    11181     0.0               O-CREATED  16039.865453    10932     1.0  0.758242   0.810635  1.038515e-07  0.982949  2.551826
1343             O-SENT-BACK   8000.000000    10899     0.0                  O-SENT  15286.731183    10972     1.0  0.758242   0.810635  1.038515e-07  0.982949  2.551826
1344     W-Nabellen offertes   8000.000000    10899     0.0  W-Completeren aanvraag  14988.451672    11203     1.0  0.758242   0.810635  1.038515e-07  0.982949  2.551826
1345              O-ACCEPTED   8000.000000    10809     0.0     W-Nabellen offertes  14786.691669    11009     1.0  0.758242   0.810635  1.038515e-07  0.982949  2.551826
1346              A-APPROVED   8000.000000    10809     0.0     W-Nabellen offertes  15226.516598    10971     1.0  0.758242   0.810635  1.038515e-07  0.982949  2.551826
1347            A-REGISTERED   8000.000000    10809     0.0     W-Nabellen offertes  15697.629662    10910     1.0  0.758242   0.810635  1.038515e-07  0.982949  2.551826
1348             A-ACTIVATED   8000.000000    10809     0.0                   -UNK-  15214.229937      nan     1.0  0.758242   0.810635  1.038515e-07  0.982949  2.551826
1349    W-Valideren aanvraag   8000.000000    10809     0.0             A-CANCELLED  14948.251063      112     1.0  0.758242   0.810635  1.038515e-07  0.982949  2.551826


==================
ES-EGW-CBI-ES-OPC-SBM-FSR-IM-3
==================

         Factual Sequence                                Counterfactual Sequence                                                                                    
                Activity        Amount Resource Outcome                Activity        Amount Resource Outcome  Sparcity Similarity Feasibility     Delta Viability
1323               -UNK-  15214.229937      nan     0.0                   -UNK-  15295.214763      nan     0.0  0.950549    0.97568    0.010328  0.818872  2.755429
1324               -UNK-  15214.229937      nan     0.0                   -UNK-  15169.488283      nan     0.0  0.950549    0.97568    0.010328  0.818872  2.755429
1325               -UNK-  15214.229937      nan     0.0                   -UNK-  15214.229937      nan     0.0  0.950549    0.97568    0.010328  0.818872  2.755429
1326               -UNK-  15214.229937      nan     0.0                     -s-  15679.365580      nan     0.0  0.950549    0.97568    0.010328  0.818872  2.755429
1327               -UNK-  15214.229937      nan     0.0                   -UNK-  15200.050420      nan     0.0  0.950549    0.97568    0.010328  0.818872  2.755429
1328               -UNK-  15214.229937      nan     0.0                   -UNK-  15246.502045      nan     0.0  0.950549    0.97568    0.010328  0.818872  2.755429
1329               -UNK-  15214.229937      nan     0.0                   -UNK-  15127.508765      nan     0.0  0.950549    0.97568    0.010328  0.818872  2.755429
1330               -UNK-  15214.229937      nan     0.0                   -UNK-  15197.975350      nan     0.0  0.950549    0.97568    0.010328  0.818872  2.755429
1331               -UNK-  15214.229937      nan     0.0                   -UNK-  15315.411748      nan     0.0  0.950549    0.97568    0.010328  0.818872  2.755429
1332               -UNK-  15214.229937      nan     0.0                   -UNK-  15171.294709      nan     0.0  0.950549    0.97568    0.010328  0.818872  2.755429
1333               -UNK-  15214.229937      nan     0.0                   -UNK-  15364.485635      nan     0.0  0.950549    0.97568    0.010328  0.818872  2.755429
1334               -UNK-  15214.229937      nan     0.0                   -UNK-  15321.773201      nan     0.0  0.950549    0.97568    0.010328  0.818872  2.755429
1335               -UNK-  15214.229937      nan     0.0                   -UNK-  15270.636075      nan     0.0  0.950549    0.97568    0.010328  0.818872  2.755429
1336               -UNK-  15214.229937      nan     0.0                   -UNK-  15435.642664      nan     0.0  0.950549    0.97568    0.010328  0.818872  2.755429
1337               -UNK-  15214.229937      nan     0.0                   -UNK-  15255.662449      nan     0.0  0.950549    0.97568    0.010328  0.818872  2.755429
1338               -UNK-  15214.229937      nan     0.0                   -UNK-  15170.205362      nan     0.0  0.950549    0.97568    0.010328  0.818872  2.755429
1339               -UNK-  15214.229937      nan     0.0                   -UNK-  15280.448737      nan     0.0  0.950549    0.97568    0.010328  0.818872  2.755429
1340               -UNK-  15214.229937      nan     0.0                   -UNK-  15172.989524      nan     0.0  0.950549    0.97568    0.010328  0.818872  2.755429
1341               -UNK-  15214.229937      nan     0.0                   -UNK-  15330.682436      nan     0.0  0.950549    0.97568    0.010328  0.818872  2.755429
1342               -UNK-  15214.229937      nan     0.0                   -UNK-  15194.832978      nan     0.0  0.950549    0.97568    0.010328  0.818872  2.755429
1343               -UNK-  15214.229937      nan     0.0                   -UNK-  15432.122045      nan     0.0  0.950549    0.97568    0.010328  0.818872  2.755429
1344               -UNK-  15214.229937      nan     0.0                   -UNK-  15196.611300      nan     0.0  0.950549    0.97568    0.010328  0.818872  2.755429
1345                 -s-  15214.229937      nan     0.0                     -s-  15012.370260      nan     0.0  0.950549    0.97568    0.010328  0.818872  2.755429
1346         A-SUBMITTED  15000.000000      112     0.0             A-SUBMITTED  15088.024353      112     0.0  0.950549    0.97568    0.010328  0.818872  2.755429
1347   A-PARTLYSUBMITTED  15000.000000      112     0.0       A-PARTLYSUBMITTED  14635.509480      112     0.0  0.950549    0.97568    0.010328  0.818872  2.755429
1348  W-Afhandelen leads  15000.000000      112     0.0              A-APPROVED  14975.841377      nan     0.0  0.950549    0.97568    0.010328  0.818872  2.755429
1349  W-Afhandelen leads  15000.000000    10881     0.0            A-REGISTERED  14948.446942    11029     0.0  0.950549    0.97568    0.010328  0.818872  2.755429


==================
ES-EGW-CBI-ES-OPC-SBM-RR-IM-0
==================

             Factual Sequence                                Counterfactual Sequence                                                                                    
                    Activity        Amount Resource Outcome                Activity        Amount Resource Outcome  Sparcity Similarity Feasibility     Delta Viability
1323                   -UNK-  15214.229937      nan     1.0                   -UNK-  15482.448445      nan     0.0  0.634615   0.735845    0.000019  0.767857  2.138337
1324                     -s-  15214.229937      nan     1.0                   -UNK-  15298.005514      nan     0.0  0.634615   0.735845    0.000019  0.767857  2.138337
1325             A-SUBMITTED   5000.000000      112     1.0                     -s-  15211.449902      nan     0.0  0.634615   0.735845    0.000019  0.767857  2.138337
1326       A-PARTLYSUBMITTED   5000.000000      112     1.0                   -UNK-  15330.775821      nan     0.0  0.634615   0.735845    0.000019  0.767857  2.138337
1327           A-PREACCEPTED   5000.000000      112     1.0                   -UNK-  15359.411537      nan     0.0  0.634615   0.735845    0.000019  0.767857  2.138337
1328  W-Completeren aanvraag   5000.000000    10910     1.0                   -UNK-  15293.769790      nan     0.0  0.634615   0.735845    0.000019  0.767857  2.138337
1329  W-Completeren aanvraag   5000.000000    11179     1.0                   -UNK-  15177.907749      nan     0.0  0.634615   0.735845    0.000019  0.767857  2.138337
1330  W-Completeren aanvraag   5000.000000    11179     1.0       A-PARTLYSUBMITTED  15285.417325      112     0.0  0.634615   0.735845    0.000019  0.767857  2.138337
1331              A-ACCEPTED   5000.000000    11002     1.0           A-PREACCEPTED  15323.418800      112     0.0  0.634615   0.735845    0.000019  0.767857  2.138337
1332              O-SELECTED   5000.000000    11002     1.0  W-Completeren aanvraag  15726.099458    10862     0.0  0.634615   0.735845    0.000019  0.767857  2.138337
1333             A-FINALIZED   5000.000000    11002     1.0              A-ACCEPTED  14578.427213    11179     0.0  0.634615   0.735845    0.000019  0.767857  2.138337
1334               O-CREATED   5000.000000    11002     1.0              O-SELECTED  14914.767091    11203     0.0  0.634615   0.735845    0.000019  0.767857  2.138337
1335                  O-SENT   5000.000000    11002     1.0             A-FINALIZED  15899.775562    10789     0.0  0.634615   0.735845    0.000019  0.767857  2.138337
1336  W-Completeren aanvraag   5000.000000    11002     1.0                   -UNK-  15214.229937      nan     0.0  0.634615   0.735845    0.000019  0.767857  2.138337
1337     W-Nabellen offertes   5000.000000    11002     1.0                   -UNK-  15306.078198      nan     0.0  0.634615   0.735845    0.000019  0.767857  2.138337
1338     W-Nabellen offertes   5000.000000    11180     1.0                     -s-  14891.734857      nan     0.0  0.634615   0.735845    0.000019  0.767857  2.138337
1339     W-Nabellen offertes   5000.000000    11119     1.0                  O-SENT  15319.811073    11009     0.0  0.634615   0.735845    0.000019  0.767857  2.138337
1340     W-Nabellen offertes   5000.000000    11299     1.0  W-Completeren aanvraag  15005.934878    10188     0.0  0.634615   0.735845    0.000019  0.767857  2.138337
1341              O-SELECTED   5000.000000    11309     1.0     W-Nabellen offertes  14947.067389    11003     0.0  0.634615   0.735845    0.000019  0.767857  2.138337
1342             O-CANCELLED   5000.000000    11309     1.0     W-Nabellen offertes  15088.609748    11300     0.0  0.634615   0.735845    0.000019  0.767857  2.138337
1343               O-CREATED   5000.000000    11309     1.0     W-Nabellen offertes  15012.263097    10862     0.0  0.634615   0.735845    0.000019  0.767857  2.138337
1344                  O-SENT   5000.000000    11309     1.0               O-CREATED  14799.301577    10929     0.0  0.634615   0.735845    0.000019  0.767857  2.138337
1345     W-Nabellen offertes   5000.000000    11309     1.0                  O-SENT  14923.623555    10809     0.0  0.634615   0.735845    0.000019  0.767857  2.138337
1346     W-Nabellen offertes   5000.000000    11309     1.0     W-Nabellen offertes  15269.867917    10913     0.0  0.634615   0.735845    0.000019  0.767857  2.138337
1347             O-CANCELLED   5000.000000    11119     1.0     W-Nabellen offertes  15445.354784    11111     0.0  0.634615   0.735845    0.000019  0.767857  2.138337
1348             A-CANCELLED   5000.000000    11119     1.0              A-APPROVED  15841.624277      112     0.0  0.634615   0.735845    0.000019  0.767857  2.138337
1349     W-Nabellen offertes   5000.000000    11119     1.0              O-ACCEPTED  13179.049629    10862     0.0  0.634615   0.735845    0.000019  0.767857  2.138337


==================
ES-EGW-CBI-ES-OPC-SBM-RR-IM-1
==================

             Factual Sequence                                Counterfactual Sequence                                                                                    
                    Activity        Amount Resource Outcome                Activity        Amount Resource Outcome  Sparcity Similarity Feasibility     Delta Viability
1323                   -UNK-  15214.229937      nan     1.0                   -UNK-  15214.229937      nan     0.0  0.777473    0.84132    0.000009  0.758113  2.376914
1324                   -UNK-  15214.229937      nan     1.0                   -UNK-  15214.229937      nan     0.0  0.777473    0.84132    0.000009  0.758113  2.376914
1325                   -UNK-  15214.229937      nan     1.0                   -UNK-  15214.229937      nan     0.0  0.777473    0.84132    0.000009  0.758113  2.376914
1326                   -UNK-  15214.229937      nan     1.0                   -UNK-  15214.229937      nan     0.0  0.777473    0.84132    0.000009  0.758113  2.376914
1327                   -UNK-  15214.229937      nan     1.0                   -UNK-  15214.229937      nan     0.0  0.777473    0.84132    0.000009  0.758113  2.376914
1328                   -UNK-  15214.229937      nan     1.0                   -UNK-  15214.229937      nan     0.0  0.777473    0.84132    0.000009  0.758113  2.376914
1329                     -s-  15214.229937      nan     1.0                   -UNK-  15214.229937      nan     0.0  0.777473    0.84132    0.000009  0.758113  2.376914
1330             A-SUBMITTED  12000.000000      112     1.0                   -UNK-  15214.229937      nan     0.0  0.777473    0.84132    0.000009  0.758113  2.376914
1331       A-PARTLYSUBMITTED  12000.000000      112     1.0             A-SUBMITTED  15000.000000      112     0.0  0.777473    0.84132    0.000009  0.758113  2.376914
1332           A-PREACCEPTED  12000.000000      112     1.0       A-PARTLYSUBMITTED  15000.000000      112     0.0  0.777473    0.84132    0.000009  0.758113  2.376914
1333  W-Completeren aanvraag  12000.000000    11181     1.0           A-PREACCEPTED  15000.000000      112     0.0  0.777473    0.84132    0.000009  0.758113  2.376914
1334  W-Completeren aanvraag  12000.000000    10913     1.0  W-Completeren aanvraag  15000.000000    11122     0.0  0.777473    0.84132    0.000009  0.758113  2.376914
1335              A-ACCEPTED  12000.000000    10913     1.0  W-Completeren aanvraag  15000.000000    11119     0.0  0.777473    0.84132    0.000009  0.758113  2.376914
1336             A-FINALIZED  12000.000000    10913     1.0              A-ACCEPTED  15000.000000    11019     0.0  0.777473    0.84132    0.000009  0.758113  2.376914
1337              O-SELECTED  12000.000000    10913     1.0              O-SELECTED  15839.900399    11339     0.0  0.777473    0.84132    0.000009  0.758113  2.376914
1338               O-CREATED  12000.000000    10913     1.0               O-CREATED  14653.803249      nan     0.0  0.777473    0.84132    0.000009  0.758113  2.376914
1339                  O-SENT  12000.000000    10913     1.0                  O-SENT  15132.487016    10138     0.0  0.777473    0.84132    0.000009  0.758113  2.376914
1340  W-Completeren aanvraag  12000.000000    10913     1.0                   -UNK-  15214.229937      nan     0.0  0.777473    0.84132    0.000009  0.758113  2.376914
1341              O-SELECTED  12000.000000    10913     1.0                   -UNK-  15214.229937      nan     0.0  0.777473    0.84132    0.000009  0.758113  2.376914
1342             O-CANCELLED  12000.000000    10913     1.0     W-Nabellen offertes  15537.590104    11181     0.0  0.777473    0.84132    0.000009  0.758113  2.376914
1343               O-CREATED  12000.000000    10913     1.0     W-Nabellen offertes  15117.547812    11000     0.0  0.777473    0.84132    0.000009  0.758113  2.376914
1344                  O-SENT  12000.000000    10913     1.0     W-Nabellen offertes  15315.717158    10880     0.0  0.777473    0.84132    0.000009  0.758113  2.376914
1345     W-Nabellen offertes  12000.000000    10913     1.0     W-Nabellen offertes  14941.352803      112     0.0  0.777473    0.84132    0.000009  0.758113  2.376914
1346     W-Nabellen offertes  12000.000000    10913     1.0                   -UNK-  15214.229937      nan     0.0  0.777473    0.84132    0.000009  0.758113  2.376914
1347     W-Nabellen offertes  12000.000000    10881     1.0                   -UNK-  15116.482119      nan     0.0  0.777473    0.84132    0.000009  0.758113  2.376914
1348     W-Nabellen offertes  12000.000000    10881     1.0            A-REGISTERED  15199.456188      nan     0.0  0.777473    0.84132    0.000009  0.758113  2.376914
1349     W-Nabellen offertes  12000.000000    11009     1.0    W-Valideren aanvraag  16197.637754    11180     0.0  0.777473    0.84132    0.000009  0.758113  2.376914


==================
ES-EGW-CBI-ES-OPC-SBM-RR-IM-2
==================

             Factual Sequence                                Counterfactual Sequence                                                                                    
                    Activity        Amount Resource Outcome                Activity        Amount Resource Outcome  Sparcity Similarity Feasibility     Delta Viability
1323                   -UNK-  15214.229937      nan     0.0                   -UNK-  15163.270999      nan     1.0  0.744505   0.814303    0.003179  0.982935  2.544923
1324                   -UNK-  15214.229937      nan     0.0                   -UNK-  15228.861449      nan     1.0  0.744505   0.814303    0.003179  0.982935  2.544923
1325                   -UNK-  15214.229937      nan     0.0                   -UNK-  15312.152421      nan     1.0  0.744505   0.814303    0.003179  0.982935  2.544923
1326                     -s-  15214.229937      nan     0.0                   -UNK-  15135.039988      nan     1.0  0.744505   0.814303    0.003179  0.982935  2.544923
1327             A-SUBMITTED   8000.000000      112     0.0                   -UNK-  15285.091418      nan     1.0  0.744505   0.814303    0.003179  0.982935  2.544923
1328       A-PARTLYSUBMITTED   8000.000000      112     0.0                   -UNK-  15060.947195      nan     1.0  0.744505   0.814303    0.003179  0.982935  2.544923
1329           A-PREACCEPTED   8000.000000    10880     0.0                     -s-  15016.372787      nan     1.0  0.744505   0.814303    0.003179  0.982935  2.544923
1330      W-Afhandelen leads   8000.000000    10880     0.0             A-SUBMITTED  15579.123274      112     1.0  0.744505   0.814303    0.003179  0.982935  2.544923
1331  W-Completeren aanvraag   8000.000000    11121     0.0       A-PARTLYSUBMITTED  14437.566249      112     1.0  0.744505   0.814303    0.003179  0.982935  2.544923
1332  W-Completeren aanvraag   8000.000000    11201     0.0           A-PREACCEPTED  14689.780135      112     1.0  0.744505   0.814303    0.003179  0.982935  2.544923
1333  W-Completeren aanvraag   8000.000000    10913     0.0  W-Completeren aanvraag  14568.111394    10861     1.0  0.744505   0.814303    0.003179  0.982935  2.544923
1334  W-Completeren aanvraag   8000.000000    10913     0.0  W-Completeren aanvraag  15072.824069    10899     1.0  0.744505   0.814303    0.003179  0.982935  2.544923
1335              A-ACCEPTED   8000.000000    10913     0.0  W-Completeren aanvraag  15300.078077      112     1.0  0.744505   0.814303    0.003179  0.982935  2.544923
1336              O-SELECTED   8000.000000    10913     0.0              A-ACCEPTED  15357.798272    11302     1.0  0.744505   0.814303    0.003179  0.982935  2.544923
1337             A-FINALIZED   8000.000000    10913     0.0              O-SELECTED  14882.111156    11289     1.0  0.744505   0.814303    0.003179  0.982935  2.544923
1338               O-CREATED   8000.000000    10913     0.0             A-FINALIZED  14729.594350    10929     1.0  0.744505   0.814303    0.003179  0.982935  2.544923
1339                  O-SENT   8000.000000    10913     0.0               O-CREATED  15004.713390    10971     1.0  0.744505   0.814303    0.003179  0.982935  2.544923
1340  W-Completeren aanvraag   8000.000000    10913     0.0                  O-SENT  15123.141457    10939     1.0  0.744505   0.814303    0.003179  0.982935  2.544923
1341     W-Nabellen offertes   8000.000000    11000     0.0  W-Completeren aanvraag  14912.194900    10629     1.0  0.744505   0.814303    0.003179  0.982935  2.544923
1342     W-Nabellen offertes   8000.000000    11181     0.0     W-Nabellen offertes  15855.187203    10880     1.0  0.744505   0.814303    0.003179  0.982935  2.544923
1343             O-SENT-BACK   8000.000000    10899     0.0     W-Nabellen offertes  15376.652071    10914     1.0  0.744505   0.814303    0.003179  0.982935  2.544923
1344     W-Nabellen offertes   8000.000000    10899     0.0             O-SENT-BACK  14874.330048    11181     1.0  0.744505   0.814303    0.003179  0.982935  2.544923
1345              O-ACCEPTED   8000.000000    10809     0.0     W-Nabellen offertes  15977.155058      112     1.0  0.744505   0.814303    0.003179  0.982935  2.544923
1346              A-APPROVED   8000.000000    10809     0.0              O-ACCEPTED  15054.174584    11029     1.0  0.744505   0.814303    0.003179  0.982935  2.544923
1347            A-REGISTERED   8000.000000    10809     0.0                   -UNK-  15181.923341      nan     1.0  0.744505   0.814303    0.003179  0.982935  2.544923
1348             A-ACTIVATED   8000.000000    10809     0.0                   -UNK-  15139.669213      nan     1.0  0.744505   0.814303    0.003179  0.982935  2.544923
1349    W-Valideren aanvraag   8000.000000    10809     0.0                    -/s-  16126.848285      nan     1.0  0.744505   0.814303    0.003179  0.982935  2.544923


==================
ES-EGW-CBI-ES-OPC-SBM-RR-IM-3
==================

         Factual Sequence                                Counterfactual Sequence                                                                                    
                Activity        Amount Resource Outcome                Activity        Amount Resource Outcome  Sparcity Similarity Feasibility     Delta Viability
1323               -UNK-  15214.229937      nan     0.0                   -UNK-  15342.698890      nan     0.0  0.964286   0.986432    0.000943  0.816272  2.767932
1324               -UNK-  15214.229937      nan     0.0                   -UNK-  15204.778601      nan     0.0  0.964286   0.986432    0.000943  0.816272  2.767932
1325               -UNK-  15214.229937      nan     0.0                   -UNK-  15137.999005      nan     0.0  0.964286   0.986432    0.000943  0.816272  2.767932
1326               -UNK-  15214.229937      nan     0.0                   -UNK-  15395.468301      nan     0.0  0.964286   0.986432    0.000943  0.816272  2.767932
1327               -UNK-  15214.229937      nan     0.0                   -UNK-  15226.097513      nan     0.0  0.964286   0.986432    0.000943  0.816272  2.767932
1328               -UNK-  15214.229937      nan     0.0                     -s-  15392.936921      nan     0.0  0.964286   0.986432    0.000943  0.816272  2.767932
1329               -UNK-  15214.229937      nan     0.0                   -UNK-  15265.720847      nan     0.0  0.964286   0.986432    0.000943  0.816272  2.767932
1330               -UNK-  15214.229937      nan     0.0                   -UNK-  15434.590045      nan     0.0  0.964286   0.986432    0.000943  0.816272  2.767932
1331               -UNK-  15214.229937      nan     0.0                   -UNK-  15208.581873      nan     0.0  0.964286   0.986432    0.000943  0.816272  2.767932
1332               -UNK-  15214.229937      nan     0.0                   -UNK-  15172.649418      nan     0.0  0.964286   0.986432    0.000943  0.816272  2.767932
1333               -UNK-  15214.229937      nan     0.0                   -UNK-  15210.019510      nan     0.0  0.964286   0.986432    0.000943  0.816272  2.767932
1334               -UNK-  15214.229937      nan     0.0                   -UNK-  15257.554895      nan     0.0  0.964286   0.986432    0.000943  0.816272  2.767932
1335               -UNK-  15214.229937      nan     0.0                   -UNK-  15178.786626      nan     0.0  0.964286   0.986432    0.000943  0.816272  2.767932
1336               -UNK-  15214.229937      nan     0.0                   -UNK-  15246.984868      nan     0.0  0.964286   0.986432    0.000943  0.816272  2.767932
1337               -UNK-  15214.229937      nan     0.0                   -UNK-  15293.527538      nan     0.0  0.964286   0.986432    0.000943  0.816272  2.767932
1338               -UNK-  15214.229937      nan     0.0                   -UNK-  15302.976111      nan     0.0  0.964286   0.986432    0.000943  0.816272  2.767932
1339               -UNK-  15214.229937      nan     0.0                   -UNK-  15273.077333      nan     0.0  0.964286   0.986432    0.000943  0.816272  2.767932
1340               -UNK-  15214.229937      nan     0.0                   -UNK-  15152.097465      nan     0.0  0.964286   0.986432    0.000943  0.816272  2.767932
1341               -UNK-  15214.229937      nan     0.0                   -UNK-  15143.009710      nan     0.0  0.964286   0.986432    0.000943  0.816272  2.767932
1342               -UNK-  15214.229937      nan     0.0                   -UNK-  15141.901984      nan     0.0  0.964286   0.986432    0.000943  0.816272  2.767932
1343               -UNK-  15214.229937      nan     0.0                     -s-  15602.611716      nan     0.0  0.964286   0.986432    0.000943  0.816272  2.767932
1344               -UNK-  15214.229937      nan     0.0             A-SUBMITTED  15466.256547      112     0.0  0.964286   0.986432    0.000943  0.816272  2.767932
1345                 -s-  15214.229937      nan     0.0       A-PARTLYSUBMITTED  15040.035299      112     0.0  0.964286   0.986432    0.000943  0.816272  2.767932
1346         A-SUBMITTED  15000.000000      112     0.0                   -UNK-  15214.229937      nan     0.0  0.964286   0.986432    0.000943  0.816272  2.767932
1347   A-PARTLYSUBMITTED  15000.000000      112     0.0      W-Afhandelen leads  14949.058390      112     0.0  0.964286   0.986432    0.000943  0.816272  2.767932
1348  W-Afhandelen leads  15000.000000      112     0.0    W-Valideren aanvraag  14892.028729    10862     0.0  0.964286   0.986432    0.000943  0.816272  2.767932
1349  W-Afhandelen leads  15000.000000    10881     0.0    W-Valideren aanvraag  14572.662527    11111     0.0  0.964286   0.986432    0.000943  0.816272  2.767932


==================
RG-RGW-IM-0
==================

             Factual Sequence                                        Counterfactual Sequence                                                                                      
                    Activity        Amount Resource Outcome                        Activity        Amount Resource Outcome  Sparcity Similarity   Feasibility     Delta Viability
1323                   -UNK-  15214.229937      nan     1.0              W-Afhandelen leads  -1123.540812      nan     0.0  0.173077   0.405631  1.596028e-14  0.763547  1.342255
1324                     -s-  15214.229937      nan     1.0                       O-CREATED  25692.489998      nan     0.0  0.173077   0.405631  1.596028e-14  0.763547  1.342255
1325             A-SUBMITTED   5000.000000      112     1.0            W-Valideren aanvraag  25086.978524      nan     0.0  0.173077   0.405631  1.596028e-14  0.763547  1.342255
1326       A-PARTLYSUBMITTED   5000.000000      112     1.0               A-PARTLYSUBMITTED  28131.949058      nan     0.0  0.173077   0.405631  1.596028e-14  0.763547  1.342255
1327           A-PREACCEPTED   5000.000000      112     1.0                      O-DECLINED  12800.622464      nan     0.0  0.173077   0.405631  1.596028e-14  0.763547  1.342255
1328  W-Completeren aanvraag   5000.000000    10910     1.0                     A-FINALIZED  16868.689096      nan     0.0  0.173077   0.405631  1.596028e-14  0.763547  1.342255
1329  W-Completeren aanvraag   5000.000000    11179     1.0          W-Completeren aanvraag  25310.254226      nan     0.0  0.173077   0.405631  1.596028e-14  0.763547  1.342255
1330  W-Completeren aanvraag   5000.000000    11179     1.0                   A-PREACCEPTED   3484.674821      nan     0.0  0.173077   0.405631  1.596028e-14  0.763547  1.342255
1331              A-ACCEPTED   5000.000000    11002     1.0              W-Afhandelen leads    239.030208      nan     0.0  0.173077   0.405631  1.596028e-14  0.763547  1.342255
1332              O-SELECTED   5000.000000    11002     1.0                     O-CANCELLED  17931.999459      nan     0.0  0.173077   0.405631  1.596028e-14  0.763547  1.342255
1333             A-FINALIZED   5000.000000    11002     1.0             W-Nabellen offertes  37773.419311      nan     0.0  0.173077   0.405631  1.596028e-14  0.763547  1.342255
1334               O-CREATED   5000.000000    11002     1.0                       O-CREATED   7305.222789      nan     0.0  0.173077   0.405631  1.596028e-14  0.763547  1.342255
1335                  O-SENT   5000.000000    11002     1.0          W-Completeren aanvraag  46972.708845      nan     0.0  0.173077   0.405631  1.596028e-14  0.763547  1.342255
1336  W-Completeren aanvraag   5000.000000    11002     1.0                      O-ACCEPTED   5949.552835      nan     0.0  0.173077   0.405631  1.596028e-14  0.763547  1.342255
1337     W-Nabellen offertes   5000.000000    11002     1.0                            -/s-  43723.972410      nan     0.0  0.173077   0.405631  1.596028e-14  0.763547  1.342255
1338     W-Nabellen offertes   5000.000000    11180     1.0              W-Afhandelen leads  12796.880381      nan     0.0  0.173077   0.405631  1.596028e-14  0.763547  1.342255
1339     W-Nabellen offertes   5000.000000    11119     1.0            W-Valideren aanvraag  14391.401636      nan     0.0  0.173077   0.405631  1.596028e-14  0.763547  1.342255
1340     W-Nabellen offertes   5000.000000    11299     1.0                     A-SUBMITTED -17306.018243      nan     0.0  0.173077   0.405631  1.596028e-14  0.763547  1.342255
1341              O-SELECTED   5000.000000    11309     1.0                     A-ACTIVATED  -7998.767454      nan     0.0  0.173077   0.405631  1.596028e-14  0.763547  1.342255
1342             O-CANCELLED   5000.000000    11309     1.0                      O-SELECTED   -835.483396      nan     0.0  0.173077   0.405631  1.596028e-14  0.763547  1.342255
1343               O-CREATED   5000.000000    11309     1.0                       O-CREATED  15500.860625      nan     0.0  0.173077   0.405631  1.596028e-14  0.763547  1.342255
1344                  O-SENT   5000.000000    11309     1.0                      O-DECLINED  23269.838877      nan     0.0  0.173077   0.405631  1.596028e-14  0.763547  1.342255
1345     W-Nabellen offertes   5000.000000    11309     1.0                     A-SUBMITTED  26440.620250      nan     0.0  0.173077   0.405631  1.596028e-14  0.763547  1.342255
1346     W-Nabellen offertes   5000.000000    11309     1.0                     O-SENT-BACK   4610.614759      nan     0.0  0.173077   0.405631  1.596028e-14  0.763547  1.342255
1347             O-CANCELLED   5000.000000    11119     1.0                             -s-  19806.167619      nan     0.0  0.173077   0.405631  1.596028e-14  0.763547  1.342255
1348             A-CANCELLED   5000.000000    11119     1.0               A-PARTLYSUBMITTED   1778.729205      nan     0.0  0.173077   0.405631  1.596028e-14  0.763547  1.342255
1349     W-Nabellen offertes   5000.000000    11119     1.0  W-Nabellen incomplete dossiers  13946.344603      nan     0.0  0.173077   0.405631  1.596028e-14  0.763547  1.342255


==================
RG-RGW-IM-1
==================

             Factual Sequence                                Counterfactual Sequence                                                                                      
                    Activity        Amount Resource Outcome                Activity        Amount Resource Outcome  Sparcity Similarity   Feasibility     Delta Viability
1323                   -UNK-  15214.229937      nan     1.0              A-DECLINED  35995.809110      nan     0.0  0.230769   0.466383  1.870778e-14  0.763814  1.460966
1324                   -UNK-  15214.229937      nan     1.0              A-DECLINED  13969.202575      nan     0.0  0.230769   0.466383  1.870778e-14  0.763814  1.460966
1325                   -UNK-  15214.229937      nan     1.0             A-FINALIZED   8020.360423      nan     0.0  0.230769   0.466383  1.870778e-14  0.763814  1.460966
1326                   -UNK-  15214.229937      nan     1.0           A-PREACCEPTED  24076.766490      nan     0.0  0.230769   0.466383  1.870778e-14  0.763814  1.460966
1327                   -UNK-  15214.229937      nan     1.0                     -s-    392.869341      nan     0.0  0.230769   0.466383  1.870778e-14  0.763814  1.460966
1328                   -UNK-  15214.229937      nan     1.0       A-PARTLYSUBMITTED  10585.886459      nan     0.0  0.230769   0.466383  1.870778e-14  0.763814  1.460966
1329                     -s-  15214.229937      nan     1.0             O-SENT-BACK   2511.472315      nan     0.0  0.230769   0.466383  1.870778e-14  0.763814  1.460966
1330             A-SUBMITTED  12000.000000      112     1.0     W-Beoordelen fraude  -1746.561455      nan     0.0  0.230769   0.466383  1.870778e-14  0.763814  1.460966
1331       A-PARTLYSUBMITTED  12000.000000      112     1.0              O-SELECTED  10104.900659      nan     0.0  0.230769   0.466383  1.870778e-14  0.763814  1.460966
1332           A-PREACCEPTED  12000.000000      112     1.0              O-DECLINED   7679.505177      nan     0.0  0.230769   0.466383  1.870778e-14  0.763814  1.460966
1333  W-Completeren aanvraag  12000.000000    11181     1.0               O-CREATED  21699.062170      nan     0.0  0.230769   0.466383  1.870778e-14  0.763814  1.460966
1334  W-Completeren aanvraag  12000.000000    10913     1.0              A-APPROVED  26194.712660      nan     0.0  0.230769   0.466383  1.870778e-14  0.763814  1.460966
1335              A-ACCEPTED  12000.000000    10913     1.0    W-Valideren aanvraag  14693.222282      nan     0.0  0.230769   0.466383  1.870778e-14  0.763814  1.460966
1336             A-FINALIZED  12000.000000    10913     1.0             O-CANCELLED  20585.798754      nan     0.0  0.230769   0.466383  1.870778e-14  0.763814  1.460966
1337              O-SELECTED  12000.000000    10913     1.0             O-SENT-BACK   2250.164760      nan     0.0  0.230769   0.466383  1.870778e-14  0.763814  1.460966
1338               O-CREATED  12000.000000    10913     1.0            A-REGISTERED   6373.654028      nan     0.0  0.230769   0.466383  1.870778e-14  0.763814  1.460966
1339                  O-SENT  12000.000000    10913     1.0      W-Afhandelen leads  18235.029977      nan     0.0  0.230769   0.466383  1.870778e-14  0.763814  1.460966
1340  W-Completeren aanvraag  12000.000000    10913     1.0           A-PREACCEPTED  17860.447751      nan     0.0  0.230769   0.466383  1.870778e-14  0.763814  1.460966
1341              O-SELECTED  12000.000000    10913     1.0  W-Completeren aanvraag  20894.665466      nan     0.0  0.230769   0.466383  1.870778e-14  0.763814  1.460966
1342             O-CANCELLED  12000.000000    10913     1.0       A-PARTLYSUBMITTED  -3518.570247      nan     0.0  0.230769   0.466383  1.870778e-14  0.763814  1.460966
1343               O-CREATED  12000.000000    10913     1.0           A-PREACCEPTED   3428.030120      nan     0.0  0.230769   0.466383  1.870778e-14  0.763814  1.460966
1344                  O-SENT  12000.000000    10913     1.0       A-PARTLYSUBMITTED  17082.422076      nan     0.0  0.230769   0.466383  1.870778e-14  0.763814  1.460966
1345     W-Nabellen offertes  12000.000000    10913     1.0               O-CREATED  11535.649301      nan     0.0  0.230769   0.466383  1.870778e-14  0.763814  1.460966
1346     W-Nabellen offertes  12000.000000    10913     1.0     W-Beoordelen fraude   9047.708164      nan     0.0  0.230769   0.466383  1.870778e-14  0.763814  1.460966
1347     W-Nabellen offertes  12000.000000    10881     1.0              O-SELECTED  37515.388585      nan     0.0  0.230769   0.466383  1.870778e-14  0.763814  1.460966
1348     W-Nabellen offertes  12000.000000    10881     1.0              O-ACCEPTED  14712.276401      nan     0.0  0.230769   0.466383  1.870778e-14  0.763814  1.460966
1349     W-Nabellen offertes  12000.000000    11009     1.0             O-SENT-BACK  24790.991901      nan     0.0  0.230769   0.466383  1.870778e-14  0.763814  1.460966


==================
RG-RGW-IM-2
==================

             Factual Sequence                                Counterfactual Sequence                                                                                     
                    Activity        Amount Resource Outcome                Activity        Amount Resource Outcome Sparcity Similarity   Feasibility     Delta Viability
1323                   -UNK-  15214.229937      nan     0.0             O-SENT-BACK  20365.697119      nan     1.0     0.25   0.470182  2.596489e-14  0.980997  1.701179
1324                   -UNK-  15214.229937      nan     0.0       A-PARTLYSUBMITTED  15088.768300      nan     1.0     0.25   0.470182  2.596489e-14  0.980997  1.701179
1325                   -UNK-  15214.229937      nan     0.0              A-APPROVED  12321.398495      nan     1.0     0.25   0.470182  2.596489e-14  0.980997  1.701179
1326                     -s-  15214.229937      nan     0.0              A-ACCEPTED  16785.871756      nan     1.0     0.25   0.470182  2.596489e-14  0.980997  1.701179
1327             A-SUBMITTED   8000.000000      112     0.0     W-Nabellen offertes  26206.161526      nan     1.0     0.25   0.470182  2.596489e-14  0.980997  1.701179
1328       A-PARTLYSUBMITTED   8000.000000      112     0.0              A-ACCEPTED  10837.366507      nan     1.0     0.25   0.470182  2.596489e-14  0.980997  1.701179
1329           A-PREACCEPTED   8000.000000    10880     0.0              A-APPROVED   9084.027479      nan     1.0     0.25   0.470182  2.596489e-14  0.980997  1.701179
1330      W-Afhandelen leads   8000.000000    10880     0.0             A-ACTIVATED  27142.154347      nan     1.0     0.25   0.470182  2.596489e-14  0.980997  1.701179
1331  W-Completeren aanvraag   8000.000000    11121     0.0     W-Nabellen offertes  19769.857455      nan     1.0     0.25   0.470182  2.596489e-14  0.980997  1.701179
1332  W-Completeren aanvraag   8000.000000    11201     0.0              O-ACCEPTED  15184.033249      nan     1.0     0.25   0.470182  2.596489e-14  0.980997  1.701179
1333  W-Completeren aanvraag   8000.000000    10913     0.0           A-PREACCEPTED  24609.717563      nan     1.0     0.25   0.470182  2.596489e-14  0.980997  1.701179
1334  W-Completeren aanvraag   8000.000000    10913     0.0              A-APPROVED  15197.311842      nan     1.0     0.25   0.470182  2.596489e-14  0.980997  1.701179
1335              A-ACCEPTED   8000.000000    10913     0.0      W-Afhandelen leads  31165.052831      nan     1.0     0.25   0.470182  2.596489e-14  0.980997  1.701179
1336              O-SELECTED   8000.000000    10913     0.0                     -s-  19183.416611      nan     1.0     0.25   0.470182  2.596489e-14  0.980997  1.701179
1337             A-FINALIZED   8000.000000    10913     0.0             O-CANCELLED  36470.627816      nan     1.0     0.25   0.470182  2.596489e-14  0.980997  1.701179
1338               O-CREATED   8000.000000    10913     0.0     W-Nabellen offertes  10821.353729      nan     1.0     0.25   0.470182  2.596489e-14  0.980997  1.701179
1339                  O-SENT   8000.000000    10913     0.0     W-Nabellen offertes  32808.924173      nan     1.0     0.25   0.470182  2.596489e-14  0.980997  1.701179
1340  W-Completeren aanvraag   8000.000000    10913     0.0                   -UNK-  18049.094079      nan     1.0     0.25   0.470182  2.596489e-14  0.980997  1.701179
1341     W-Nabellen offertes   8000.000000    11000     0.0            A-REGISTERED  21045.284943      nan     1.0     0.25   0.470182  2.596489e-14  0.980997  1.701179
1342     W-Nabellen offertes   8000.000000    11181     0.0    W-Valideren aanvraag  27296.940262      nan     1.0     0.25   0.470182  2.596489e-14  0.980997  1.701179
1343             O-SENT-BACK   8000.000000    10899     0.0      W-Afhandelen leads  -4897.421971      nan     1.0     0.25   0.470182  2.596489e-14  0.980997  1.701179
1344     W-Nabellen offertes   8000.000000    10899     0.0     W-Nabellen offertes   1258.385792      nan     1.0     0.25   0.470182  2.596489e-14  0.980997  1.701179
1345              O-ACCEPTED   8000.000000    10809     0.0              A-APPROVED  18982.830116      nan     1.0     0.25   0.470182  2.596489e-14  0.980997  1.701179
1346              A-APPROVED   8000.000000    10809     0.0                  O-SENT  26973.643602      nan     1.0     0.25   0.470182  2.596489e-14  0.980997  1.701179
1347            A-REGISTERED   8000.000000    10809     0.0              A-ACCEPTED   1206.200551      nan     1.0     0.25   0.470182  2.596489e-14  0.980997  1.701179
1348             A-ACTIVATED   8000.000000    10809     0.0            A-REGISTERED -14156.022197      nan     1.0     0.25   0.470182  2.596489e-14  0.980997  1.701179
1349    W-Valideren aanvraag   8000.000000    10809     0.0             A-CANCELLED  15474.510394      nan     1.0     0.25   0.470182  2.596489e-14  0.980997  1.701179


==================
RG-RGW-IM-3
==================

         Factual Sequence                                        Counterfactual Sequence                                                                                      
                Activity        Amount Resource Outcome                        Activity        Amount Resource Outcome  Sparcity Similarity   Feasibility     Delta Viability
1323               -UNK-  15214.229937      nan     0.0                           -UNK-  25413.997432      nan     0.0  0.519231   0.722076  6.900907e-15  0.813447  2.054754
1324               -UNK-  15214.229937      nan     0.0                           -UNK-  15490.504784      nan     0.0  0.519231   0.722076  6.900907e-15  0.813447  2.054754
1325               -UNK-  15214.229937      nan     0.0                     A-FINALIZED  22534.506654      nan     0.0  0.519231   0.722076  6.900907e-15  0.813447  2.054754
1326               -UNK-  15214.229937      nan     0.0                             -s-  39785.196439      nan     0.0  0.519231   0.722076  6.900907e-15  0.813447  2.054754
1327               -UNK-  15214.229937      nan     0.0                     A-SUBMITTED  14166.402545      nan     0.0  0.519231   0.722076  6.900907e-15  0.813447  2.054754
1328               -UNK-  15214.229937      nan     0.0                     O-CANCELLED  12467.940173      nan     0.0  0.519231   0.722076  6.900907e-15  0.813447  2.054754
1329               -UNK-  15214.229937      nan     0.0              W-Afhandelen leads    472.637963      nan     0.0  0.519231   0.722076  6.900907e-15  0.813447  2.054754
1330               -UNK-  15214.229937      nan     0.0             W-Nabellen offertes   9048.080451      nan     0.0  0.519231   0.722076  6.900907e-15  0.813447  2.054754
1331               -UNK-  15214.229937      nan     0.0                      O-DECLINED -10191.754277      nan     0.0  0.519231   0.722076  6.900907e-15  0.813447  2.054754
1332               -UNK-  15214.229937      nan     0.0             W-Beoordelen fraude  20778.540722      nan     0.0  0.519231   0.722076  6.900907e-15  0.813447  2.054754
1333               -UNK-  15214.229937      nan     0.0                   A-PREACCEPTED  13974.330274      nan     0.0  0.519231   0.722076  6.900907e-15  0.813447  2.054754
1334               -UNK-  15214.229937      nan     0.0              W-Afhandelen leads -11092.756600      nan     0.0  0.519231   0.722076  6.900907e-15  0.813447  2.054754
1335               -UNK-  15214.229937      nan     0.0          W-Completeren aanvraag   9189.839352      nan     0.0  0.519231   0.722076  6.900907e-15  0.813447  2.054754
1336               -UNK-  15214.229937      nan     0.0                           -UNK-  19264.280533      nan     0.0  0.519231   0.722076  6.900907e-15  0.813447  2.054754
1337               -UNK-  15214.229937      nan     0.0                      O-SELECTED  16546.398682      nan     0.0  0.519231   0.722076  6.900907e-15  0.813447  2.054754
1338               -UNK-  15214.229937      nan     0.0             W-Beoordelen fraude  19549.151403      nan     0.0  0.519231   0.722076  6.900907e-15  0.813447  2.054754
1339               -UNK-  15214.229937      nan     0.0                       O-CREATED  13444.453209      nan     0.0  0.519231   0.722076  6.900907e-15  0.813447  2.054754
1340               -UNK-  15214.229937      nan     0.0                     A-SUBMITTED  41589.962820      nan     0.0  0.519231   0.722076  6.900907e-15  0.813447  2.054754
1341               -UNK-  15214.229937      nan     0.0                   A-PREACCEPTED   6961.810058      nan     0.0  0.519231   0.722076  6.900907e-15  0.813447  2.054754
1342               -UNK-  15214.229937      nan     0.0              W-Afhandelen leads -10277.041518      nan     0.0  0.519231   0.722076  6.900907e-15  0.813447  2.054754
1343               -UNK-  15214.229937      nan     0.0                    A-REGISTERED   5474.237401      nan     0.0  0.519231   0.722076  6.900907e-15  0.813447  2.054754
1344               -UNK-  15214.229937      nan     0.0                      A-DECLINED   5122.083550      nan     0.0  0.519231   0.722076  6.900907e-15  0.813447  2.054754
1345                 -s-  15214.229937      nan     0.0                     A-ACTIVATED   5942.020281      nan     0.0  0.519231   0.722076  6.900907e-15  0.813447  2.054754
1346         A-SUBMITTED  15000.000000      112     0.0                           -UNK-  -8887.001347      nan     0.0  0.519231   0.722076  6.900907e-15  0.813447  2.054754
1347   A-PARTLYSUBMITTED  15000.000000      112     0.0              W-Afhandelen leads  10530.286299      nan     0.0  0.519231   0.722076  6.900907e-15  0.813447  2.054754
1348  W-Afhandelen leads  15000.000000      112     0.0                      O-ACCEPTED  16931.434675      nan     0.0  0.519231   0.722076  6.900907e-15  0.813447  2.054754
1349  W-Afhandelen leads  15000.000000    10881     0.0  W-Nabellen incomplete dossiers   5473.048445      nan     0.0  0.519231   0.722076  6.900907e-15  0.813447  2.054754
