

==================
CBG-CBGW-IM-0
==================

             Factual Sequence                                Counterfactual Sequence                                                                                    
                    Activity        Amount Resource Outcome                Activity        Amount Resource Outcome  Sparcity Similarity Feasibility     Delta Viability
1323                     -s-  15214.229937      nan     1.0                   -UNK-  15214.229937      nan     0.0  0.637363   0.708663    0.000072  0.997259  2.343357
1324             A-SUBMITTED  20000.000000      112     1.0                     -s-  15214.229937      nan     0.0  0.637363   0.708663    0.000072  0.997259  2.343357
1325       A-PARTLYSUBMITTED  20000.000000      112     1.0             A-SUBMITTED  20000.000000      112     0.0  0.637363   0.708663    0.000072  0.997259  2.343357
1326           A-PREACCEPTED  20000.000000      112     1.0       A-PARTLYSUBMITTED  20000.000000      112     0.0  0.637363   0.708663    0.000072  0.997259  2.343357
1327              A-ACCEPTED  20000.000000    10910     1.0           A-PREACCEPTED  20000.000000      112     0.0  0.637363   0.708663    0.000072  0.997259  2.343357
1328             A-FINALIZED  20000.000000    10910     1.0  W-Completeren aanvraag  20000.000000    11181     0.0  0.637363   0.708663    0.000072  0.997259  2.343357
1329              O-SELECTED  20000.000000    10910     1.0              A-ACCEPTED  20000.000000    11202     0.0  0.637363   0.708663    0.000072  0.997259  2.343357
1330               O-CREATED  20000.000000    10910     1.0             A-FINALIZED  20000.000000    11202     0.0  0.637363   0.708663    0.000072  0.997259  2.343357
1331                  O-SENT  20000.000000    10910     1.0              O-SELECTED  20000.000000    11202     0.0  0.637363   0.708663    0.000072  0.997259  2.343357
1332  W-Completeren aanvraag  20000.000000    10910     1.0               O-CREATED  20000.000000    11202     0.0  0.637363   0.708663    0.000072  0.997259  2.343357
1333     W-Nabellen offertes  20000.000000    11000     1.0                  O-SENT  20000.000000    11202     0.0  0.637363   0.708663    0.000072  0.997259  2.343357
1334              O-SELECTED  20000.000000    11202     1.0  W-Completeren aanvraag  20000.000000    11202     0.0  0.637363   0.708663    0.000072  0.997259  2.343357
1335             O-CANCELLED  20000.000000    11202     1.0              O-SELECTED  20000.000000    11202     0.0  0.637363   0.708663    0.000072  0.997259  2.343357
1336               O-CREATED  20000.000000    11202     1.0             O-CANCELLED  20000.000000    11202     0.0  0.637363   0.708663    0.000072  0.997259  2.343357
1337                  O-SENT  20000.000000    11202     1.0               O-CREATED  20000.000000    11202     0.0  0.637363   0.708663    0.000072  0.997259  2.343357
1338     W-Nabellen offertes  20000.000000    11202     1.0                  O-SENT  20000.000000    11202     0.0  0.637363   0.708663    0.000072  0.997259  2.343357
1339     W-Nabellen offertes  20000.000000    11202     1.0     W-Nabellen offertes  20000.000000    11202     0.0  0.637363   0.708663    0.000072  0.997259  2.343357
1340     W-Nabellen offertes  20000.000000    11181     1.0     W-Nabellen offertes  20000.000000    11202     0.0  0.637363   0.708663    0.000072  0.997259  2.343357
1341     W-Nabellen offertes  20000.000000    11203     1.0     W-Nabellen offertes  20000.000000    11203     0.0  0.637363   0.708663    0.000072  0.997259  2.343357
1342     W-Nabellen offertes  20000.000000    11180     1.0             O-SENT-BACK  20000.000000    11259     0.0  0.637363   0.708663    0.000072  0.997259  2.343357
1343     W-Nabellen offertes  20000.000000    10982     1.0     W-Nabellen offertes  20000.000000    11259     0.0  0.637363   0.708663    0.000072  0.997259  2.343357
1344     W-Nabellen offertes  20000.000000    11003     1.0              O-ACCEPTED  20000.000000    10809     0.0  0.637363   0.708663    0.000072  0.997259  2.343357
1345     W-Nabellen offertes  20000.000000    11201     1.0              A-APPROVED  20000.000000    10809     0.0  0.637363   0.708663    0.000072  0.997259  2.343357
1346             A-CANCELLED  20000.000000    11201     1.0            A-REGISTERED  20000.000000    10809     0.0  0.637363   0.708663    0.000072  0.997259  2.343357
1347             O-CANCELLED  20000.000000    11201     1.0             A-ACTIVATED  20000.000000    10809     0.0  0.637363   0.708663    0.000072  0.997259  2.343357
1348     W-Nabellen offertes  20000.000000    11201     1.0    W-Valideren aanvraag  20000.000000    10809     0.0  0.637363   0.708663    0.000072  0.997259  2.343357
1349                    -/s-  15214.229937      nan     1.0                    -/s-  15214.229937      nan     0.0  0.637363   0.708663    0.000072  0.997259  2.343357


==================
CBG-CBGW-IM-1
==================

             Factual Sequence                                Counterfactual Sequence                                                                                    
                    Activity        Amount Resource Outcome                Activity        Amount Resource Outcome  Sparcity Similarity Feasibility     Delta Viability
1323                   -UNK-  15214.229937      nan     1.0                   -UNK-  15214.229937      nan     0.0  0.728022   0.823684     0.02037  0.997208  2.569285
1324                   -UNK-  15214.229937      nan     1.0                   -UNK-  15214.229937      nan     0.0  0.728022   0.823684     0.02037  0.997208  2.569285
1325                   -UNK-  15214.229937      nan     1.0                   -UNK-  15214.229937      nan     0.0  0.728022   0.823684     0.02037  0.997208  2.569285
1326                   -UNK-  15214.229937      nan     1.0                   -UNK-  15214.229937      nan     0.0  0.728022   0.823684     0.02037  0.997208  2.569285
1327                   -UNK-  15214.229937      nan     1.0                   -UNK-  15214.229937      nan     0.0  0.728022   0.823684     0.02037  0.997208  2.569285
1328                   -UNK-  15214.229937      nan     1.0                   -UNK-  15214.229937      nan     0.0  0.728022   0.823684     0.02037  0.997208  2.569285
1329                   -UNK-  15214.229937      nan     1.0                   -UNK-  15214.229937      nan     0.0  0.728022   0.823684     0.02037  0.997208  2.569285
1330                     -s-  15214.229937      nan     1.0                     -s-  15214.229937      nan     0.0  0.728022   0.823684     0.02037  0.997208  2.569285
1331             A-SUBMITTED  12500.000000      112     1.0             A-SUBMITTED  15000.000000      112     0.0  0.728022   0.823684     0.02037  0.997208  2.569285
1332       A-PARTLYSUBMITTED  12500.000000      112     1.0       A-PARTLYSUBMITTED  15000.000000      112     0.0  0.728022   0.823684     0.02037  0.997208  2.569285
1333           A-PREACCEPTED  12500.000000      112     1.0           A-PREACCEPTED  15000.000000      112     0.0  0.728022   0.823684     0.02037  0.997208  2.569285
1334  W-Completeren aanvraag  12500.000000    11189     1.0  W-Completeren aanvraag  15000.000000    11122     0.0  0.728022   0.823684     0.02037  0.997208  2.569285
1335  W-Completeren aanvraag  12500.000000    11189     1.0  W-Completeren aanvraag  15000.000000    11119     0.0  0.728022   0.823684     0.02037  0.997208  2.569285
1336  W-Completeren aanvraag  12500.000000    11121     1.0              A-ACCEPTED  15000.000000    11019     0.0  0.728022   0.823684     0.02037  0.997208  2.569285
1337  W-Completeren aanvraag  12500.000000    11121     1.0             A-FINALIZED  15000.000000    11019     0.0  0.728022   0.823684     0.02037  0.997208  2.569285
1338              A-ACCEPTED  12500.000000    11169     1.0              O-SELECTED  15000.000000    11019     0.0  0.728022   0.823684     0.02037  0.997208  2.569285
1339             A-FINALIZED  12500.000000    11169     1.0               O-CREATED  15000.000000    11019     0.0  0.728022   0.823684     0.02037  0.997208  2.569285
1340              O-SELECTED  12500.000000    11169     1.0                  O-SENT  15000.000000    11019     0.0  0.728022   0.823684     0.02037  0.997208  2.569285
1341               O-CREATED  12500.000000    11169     1.0  W-Completeren aanvraag  15000.000000    11019     0.0  0.728022   0.823684     0.02037  0.997208  2.569285
1342                  O-SENT  12500.000000    11169     1.0             O-SENT-BACK  15000.000000    11029     0.0  0.728022   0.823684     0.02037  0.997208  2.569285
1343  W-Completeren aanvraag  12500.000000    11169     1.0     W-Nabellen offertes  15000.000000    11029     0.0  0.728022   0.823684     0.02037  0.997208  2.569285
1344             O-SENT-BACK  12500.000000    11029     1.0              O-ACCEPTED  15000.000000    10138     0.0  0.728022   0.823684     0.02037  0.997208  2.569285
1345     W-Nabellen offertes  12500.000000    11029     1.0             A-ACTIVATED  15000.000000    10138     0.0  0.728022   0.823684     0.02037  0.997208  2.569285
1346              O-DECLINED  12500.000000    10629     1.0              A-APPROVED  15000.000000    10138     0.0  0.728022   0.823684     0.02037  0.997208  2.569285
1347              A-DECLINED  12500.000000    10629     1.0            A-REGISTERED  15000.000000    10138     0.0  0.728022   0.823684     0.02037  0.997208  2.569285
1348    W-Valideren aanvraag  12500.000000    10629     1.0    W-Valideren aanvraag  15000.000000    10138     0.0  0.728022   0.823684     0.02037  0.997208  2.569285
1349                    -/s-  15214.229937      nan     1.0                    -/s-  15214.229937      nan     0.0  0.728022   0.823684     0.02037  0.997208  2.569285


==================
CBG-CBGW-IM-2
==================

             Factual Sequence                                Counterfactual Sequence                                                                                    
                    Activity        Amount Resource Outcome                Activity        Amount Resource Outcome  Sparcity Similarity Feasibility     Delta Viability
1323                   -UNK-  15214.229937      nan     0.0                   -UNK-  15214.229937      nan     1.0  0.717033   0.817724    0.009377  0.997241  2.541374
1324                   -UNK-  15214.229937      nan     0.0                   -UNK-  15214.229937      nan     1.0  0.717033   0.817724    0.009377  0.997241  2.541374
1325                   -UNK-  15214.229937      nan     0.0                   -UNK-  15214.229937      nan     1.0  0.717033   0.817724    0.009377  0.997241  2.541374
1326                   -UNK-  15214.229937      nan     0.0                     -s-  15214.229937      nan     1.0  0.717033   0.817724    0.009377  0.997241  2.541374
1327                   -UNK-  15214.229937      nan     0.0             A-SUBMITTED  16000.000000      112     1.0  0.717033   0.817724    0.009377  0.997241  2.541374
1328                     -s-  15214.229937      nan     0.0       A-PARTLYSUBMITTED  16000.000000      112     1.0  0.717033   0.817724    0.009377  0.997241  2.541374
1329             A-SUBMITTED  15000.000000      112     0.0           A-PREACCEPTED  16000.000000    10929     1.0  0.717033   0.817724    0.009377  0.997241  2.541374
1330       A-PARTLYSUBMITTED  15000.000000      112     0.0      W-Afhandelen leads  16000.000000    10929     1.0  0.717033   0.817724    0.009377  0.997241  2.541374
1331           A-PREACCEPTED  15000.000000      112     0.0              A-ACCEPTED  16000.000000    10889     1.0  0.717033   0.817724    0.009377  0.997241  2.541374
1332              A-ACCEPTED  15000.000000    10910     0.0              O-SELECTED  16000.000000    10889     1.0  0.717033   0.817724    0.009377  0.997241  2.541374
1333              O-SELECTED  15000.000000    10910     0.0             A-FINALIZED  16000.000000    10889     1.0  0.717033   0.817724    0.009377  0.997241  2.541374
1334             A-FINALIZED  15000.000000    10910     0.0               O-CREATED  16000.000000    10889     1.0  0.717033   0.817724    0.009377  0.997241  2.541374
1335               O-CREATED  15000.000000    10910     0.0                  O-SENT  16000.000000    10889     1.0  0.717033   0.817724    0.009377  0.997241  2.541374
1336                  O-SENT  15000.000000    10910     0.0  W-Completeren aanvraag  16000.000000    10889     1.0  0.717033   0.817724    0.009377  0.997241  2.541374
1337  W-Completeren aanvraag  15000.000000    10910     0.0     W-Nabellen offertes  16000.000000    10889     1.0  0.717033   0.817724    0.009377  0.997241  2.541374
1338     W-Nabellen offertes  15000.000000    11003     0.0     W-Nabellen offertes  16000.000000    10889     1.0  0.717033   0.817724    0.009377  0.997241  2.541374
1339     W-Nabellen offertes  15000.000000    11181     0.0     W-Nabellen offertes  16000.000000    11180     1.0  0.717033   0.817724    0.009377  0.997241  2.541374
1340     W-Nabellen offertes  15000.000000    10982     0.0     W-Nabellen offertes  16000.000000    10982     1.0  0.717033   0.817724    0.009377  0.997241  2.541374
1341             O-SENT-BACK  15000.000000    11259     0.0     W-Nabellen offertes  16000.000000    11201     1.0  0.717033   0.817724    0.009377  0.997241  2.541374
1342     W-Nabellen offertes  15000.000000    11259     0.0             O-SENT-BACK  16000.000000    11259     1.0  0.717033   0.817724    0.009377  0.997241  2.541374
1343    W-Valideren aanvraag  15000.000000    10138     0.0     W-Nabellen offertes  16000.000000    11259     1.0  0.717033   0.817724    0.009377  0.997241  2.541374
1344              O-ACCEPTED  15000.000000    10138     0.0    W-Valideren aanvraag  16000.000000    10138     1.0  0.717033   0.817724    0.009377  0.997241  2.541374
1345            A-REGISTERED  15000.000000    10138     0.0    W-Valideren aanvraag  16000.000000    10138     1.0  0.717033   0.817724    0.009377  0.997241  2.541374
1346              A-APPROVED  15000.000000    10138     0.0              O-DECLINED  16000.000000    10138     1.0  0.717033   0.817724    0.009377  0.997241  2.541374
1347             A-ACTIVATED  15000.000000    10138     0.0              A-DECLINED  16000.000000    10138     1.0  0.717033   0.817724    0.009377  0.997241  2.541374
1348    W-Valideren aanvraag  15000.000000    10138     0.0    W-Valideren aanvraag  16000.000000    10138     1.0  0.717033   0.817724    0.009377  0.997241  2.541374
1349                    -/s-  15214.229937      nan     0.0                    -/s-  15214.229937      nan     1.0  0.717033   0.817724    0.009377  0.997241  2.541374


==================
CBG-CBGW-IM-3
==================

                     Factual Sequence                                Counterfactual Sequence                                                                                      
                            Activity        Amount Resource Outcome                Activity        Amount Resource Outcome  Sparcity Similarity   Feasibility     Delta Viability
1323                           -UNK-  15214.229937      nan     0.0                   -UNK-  15214.229937      nan     1.0  0.708791   0.774692  1.375185e-08  0.997254  2.480737
1324                           -UNK-  15214.229937      nan     0.0                   -UNK-  15214.229937      nan     1.0  0.708791   0.774692  1.375185e-08  0.997254  2.480737
1325                           -UNK-  15214.229937      nan     0.0                   -UNK-  15214.229937      nan     1.0  0.708791   0.774692  1.375185e-08  0.997254  2.480737
1326                             -s-  15214.229937      nan     0.0                   -UNK-  15214.229937      nan     1.0  0.708791   0.774692  1.375185e-08  0.997254  2.480737
1327                     A-SUBMITTED   5000.000000      112     0.0                   -UNK-  15214.229937      nan     1.0  0.708791   0.774692  1.375185e-08  0.997254  2.480737
1328               A-PARTLYSUBMITTED   5000.000000      112     0.0                   -UNK-  15214.229937      nan     1.0  0.708791   0.774692  1.375185e-08  0.997254  2.480737
1329                   A-PREACCEPTED   5000.000000      112     0.0                   -UNK-  15214.229937      nan     1.0  0.708791   0.774692  1.375185e-08  0.997254  2.480737
1330                      A-ACCEPTED   5000.000000    11169     0.0                   -UNK-  15214.229937      nan     1.0  0.708791   0.774692  1.375185e-08  0.997254  2.480737
1331                      O-SELECTED   5000.000000    11169     0.0                   -UNK-  15214.229937      nan     1.0  0.708791   0.774692  1.375185e-08  0.997254  2.480737
1332                     A-FINALIZED   5000.000000    11169     0.0                   -UNK-  15214.229937      nan     1.0  0.708791   0.774692  1.375185e-08  0.997254  2.480737
1333                       O-CREATED   5000.000000    11169     0.0                   -UNK-  15214.229937      nan     1.0  0.708791   0.774692  1.375185e-08  0.997254  2.480737
1334                          O-SENT   5000.000000    11169     0.0                   -UNK-  15214.229937      nan     1.0  0.708791   0.774692  1.375185e-08  0.997254  2.480737
1335          W-Completeren aanvraag   5000.000000    11169     0.0                   -UNK-  15214.229937      nan     1.0  0.708791   0.774692  1.375185e-08  0.997254  2.480737
1336             W-Nabellen offertes   5000.000000    10912     0.0                     -s-  15214.229937      nan     1.0  0.708791   0.774692  1.375185e-08  0.997254  2.480737
1337             W-Nabellen offertes   5000.000000    10933     0.0             A-SUBMITTED   5000.000000      112     1.0  0.708791   0.774692  1.375185e-08  0.997254  2.480737
1338                     O-SENT-BACK   5000.000000    11259     0.0       A-PARTLYSUBMITTED   5000.000000      112     1.0  0.708791   0.774692  1.375185e-08  0.997254  2.480737
1339             W-Nabellen offertes   5000.000000    11259     0.0           A-PREACCEPTED   5000.000000      112     1.0  0.708791   0.774692  1.375185e-08  0.997254  2.480737
1340            W-Valideren aanvraag   5000.000000    10138     0.0              A-ACCEPTED   5000.000000    11179     1.0  0.708791   0.774692  1.375185e-08  0.997254  2.480737
1341            W-Valideren aanvraag   5000.000000    10138     0.0              O-SELECTED   5000.000000    11179     1.0  0.708791   0.774692  1.375185e-08  0.997254  2.480737
1342  W-Nabellen incomplete dossiers   5000.000000    11181     0.0             A-FINALIZED   5000.000000    11179     1.0  0.708791   0.774692  1.375185e-08  0.997254  2.480737
1343  W-Nabellen incomplete dossiers   5000.000000    10899     0.0               O-CREATED   5000.000000    11179     1.0  0.708791   0.774692  1.375185e-08  0.997254  2.480737
1344                      A-APPROVED   5000.000000    10138     0.0                  O-SENT   5000.000000    11179     1.0  0.708791   0.774692  1.375185e-08  0.997254  2.480737
1345                      O-ACCEPTED   5000.000000    10138     0.0  W-Completeren aanvraag   5000.000000    11179     1.0  0.708791   0.774692  1.375185e-08  0.997254  2.480737
1346                    A-REGISTERED   5000.000000    10138     0.0             O-CANCELLED   5000.000000    11200     1.0  0.708791   0.774692  1.375185e-08  0.997254  2.480737
1347                     A-ACTIVATED   5000.000000    10138     0.0             A-CANCELLED   5000.000000    11200     1.0  0.708791   0.774692  1.375185e-08  0.997254  2.480737
1348            W-Valideren aanvraag   5000.000000    10138     0.0     W-Nabellen offertes   5000.000000    11200     1.0  0.708791   0.774692  1.375185e-08  0.997254  2.480737
1349                            -/s-  15214.229937      nan     0.0                    -/s-  15214.229937      nan     1.0  0.708791   0.774692  1.375185e-08  0.997254  2.480737


==================
ES-EGW-CBI-ES-OPC-SBM-FSR-IM-0
==================

             Factual Sequence                                Counterfactual Sequence                                                                                      
                    Activity        Amount Resource Outcome                Activity        Amount Resource Outcome  Sparcity Similarity   Feasibility     Delta Viability
1323                     -s-  15214.229937      nan     1.0                   -UNK-  15214.229937      nan     0.0  0.741758   0.896124  5.551115e-17  0.995904  2.633786
1324             A-SUBMITTED  20000.000000      112     1.0                     -s-  15214.229937      nan     0.0  0.741758   0.896124  5.551115e-17  0.995904  2.633786
1325       A-PARTLYSUBMITTED  20000.000000      112     1.0             A-SUBMITTED  20000.000000      112     0.0  0.741758   0.896124  5.551115e-17  0.995904  2.633786
1326           A-PREACCEPTED  20000.000000      112     1.0       A-PARTLYSUBMITTED  20000.000000      112     0.0  0.741758   0.896124  5.551115e-17  0.995904  2.633786
1327              A-ACCEPTED  20000.000000    10910     1.0  W-Completeren aanvraag  20000.000000    11181     0.0  0.741758   0.896124  5.551115e-17  0.995904  2.633786
1328             A-FINALIZED  20000.000000    10910     1.0           A-PREACCEPTED  20000.000000      112     0.0  0.741758   0.896124  5.551115e-17  0.995904  2.633786
1329              O-SELECTED  20000.000000    10910     1.0              A-ACCEPTED  20000.000000    11202     0.0  0.741758   0.896124  5.551115e-17  0.995904  2.633786
1330               O-CREATED  20000.000000    10910     1.0             A-FINALIZED  20000.000000    11202     0.0  0.741758   0.896124  5.551115e-17  0.995904  2.633786
1331                  O-SENT  20000.000000    10910     1.0              O-SELECTED  20000.000000    11202     0.0  0.741758   0.896124  5.551115e-17  0.995904  2.633786
1332  W-Completeren aanvraag  20000.000000    10910     1.0               O-CREATED  20000.000000    11202     0.0  0.741758   0.896124  5.551115e-17  0.995904  2.633786
1333     W-Nabellen offertes  20000.000000    11000     1.0                  O-SENT  20000.000000    11202     0.0  0.741758   0.896124  5.551115e-17  0.995904  2.633786
1334              O-SELECTED  20000.000000    11202     1.0  W-Completeren aanvraag  20000.000000    11202     0.0  0.741758   0.896124  5.551115e-17  0.995904  2.633786
1335             O-CANCELLED  20000.000000    11202     1.0              O-SELECTED  20000.000000    11202     0.0  0.741758   0.896124  5.551115e-17  0.995904  2.633786
1336               O-CREATED  20000.000000    11202     1.0             O-CANCELLED  20000.000000    11202     0.0  0.741758   0.896124  5.551115e-17  0.995904  2.633786
1337                  O-SENT  20000.000000    11202     1.0               O-CREATED  20000.000000    11202     0.0  0.741758   0.896124  5.551115e-17  0.995904  2.633786
1338     W-Nabellen offertes  20000.000000    11202     1.0     W-Nabellen offertes  20000.000000    11202     0.0  0.741758   0.896124  5.551115e-17  0.995904  2.633786
1339     W-Nabellen offertes  20000.000000    11202     1.0     W-Nabellen offertes  16495.907304    11181     0.0  0.741758   0.896124  5.551115e-17  0.995904  2.633786
1340     W-Nabellen offertes  20000.000000    11181     1.0     W-Nabellen offertes  20000.000000    11202     0.0  0.741758   0.896124  5.551115e-17  0.995904  2.633786
1341     W-Nabellen offertes  20000.000000    11203     1.0                   -UNK-  15214.229937      nan     0.0  0.741758   0.896124  5.551115e-17  0.995904  2.633786
1342     W-Nabellen offertes  20000.000000    11180     1.0                   -UNK-  15214.229937      nan     0.0  0.741758   0.896124  5.551115e-17  0.995904  2.633786
1343     W-Nabellen offertes  20000.000000    10982     1.0     W-Nabellen offertes  15609.395230    10939     0.0  0.741758   0.896124  5.551115e-17  0.995904  2.633786
1344     W-Nabellen offertes  20000.000000    11003     1.0                   -UNK-  14226.009479      nan     0.0  0.741758   0.896124  5.551115e-17  0.995904  2.633786
1345     W-Nabellen offertes  20000.000000    11201     1.0                   -UNK-  16133.041553      nan     0.0  0.741758   0.896124  5.551115e-17  0.995904  2.633786
1346             A-CANCELLED  20000.000000    11201     1.0             O-CANCELLED  13960.208213    11179     0.0  0.741758   0.896124  5.551115e-17  0.995904  2.633786
1347             O-CANCELLED  20000.000000    11201     1.0                   -UNK-  13669.028900      nan     0.0  0.741758   0.896124  5.551115e-17  0.995904  2.633786
1348     W-Nabellen offertes  20000.000000    11201     1.0     W-Nabellen offertes  14103.471076    11049     0.0  0.741758   0.896124  5.551115e-17  0.995904  2.633786
1349                    -/s-  15214.229937      nan     1.0             A-ACTIVATED  14688.451947    10913     0.0  0.741758   0.896124  5.551115e-17  0.995904  2.633786


==================
ES-EGW-CBI-ES-OPC-SBM-FSR-IM-1
==================

             Factual Sequence                                Counterfactual Sequence                                                                                      
                    Activity        Amount Resource Outcome                Activity        Amount Resource Outcome  Sparcity Similarity   Feasibility     Delta Viability
1323                   -UNK-  15214.229937      nan     1.0                   -UNK-  15169.887832      nan     0.0  0.826923   0.926339  7.481602e-21  0.997425  2.750688
1324                   -UNK-  15214.229937      nan     1.0                   -UNK-  15047.701581      nan     0.0  0.826923   0.926339  7.481602e-21  0.997425  2.750688
1325                   -UNK-  15214.229937      nan     1.0                   -UNK-  13361.529392      nan     0.0  0.826923   0.926339  7.481602e-21  0.997425  2.750688
1326                   -UNK-  15214.229937      nan     1.0                   -UNK-  16137.040720      nan     0.0  0.826923   0.926339  7.481602e-21  0.997425  2.750688
1327                   -UNK-  15214.229937      nan     1.0                   -UNK-  15473.564923      nan     0.0  0.826923   0.926339  7.481602e-21  0.997425  2.750688
1328                   -UNK-  15214.229937      nan     1.0                   -UNK-  15362.716958      nan     0.0  0.826923   0.926339  7.481602e-21  0.997425  2.750688
1329                   -UNK-  15214.229937      nan     1.0             A-SUBMITTED  13780.603392      112     0.0  0.826923   0.926339  7.481602e-21  0.997425  2.750688
1330                     -s-  15214.229937      nan     1.0       A-PARTLYSUBMITTED  13320.556373      112     0.0  0.826923   0.926339  7.481602e-21  0.997425  2.750688
1331             A-SUBMITTED  12500.000000      112     1.0           A-PREACCEPTED  13066.479100      112     0.0  0.826923   0.926339  7.481602e-21  0.997425  2.750688
1332       A-PARTLYSUBMITTED  12500.000000      112     1.0  W-Completeren aanvraag  15403.970850    10138     0.0  0.826923   0.926339  7.481602e-21  0.997425  2.750688
1333           A-PREACCEPTED  12500.000000      112     1.0  W-Completeren aanvraag  15302.580099    11202     0.0  0.826923   0.926339  7.481602e-21  0.997425  2.750688
1334  W-Completeren aanvraag  12500.000000    11189     1.0  W-Completeren aanvraag  14685.806062    10138     0.0  0.826923   0.926339  7.481602e-21  0.997425  2.750688
1335  W-Completeren aanvraag  12500.000000    11189     1.0  W-Completeren aanvraag  13234.732643    other     0.0  0.826923   0.926339  7.481602e-21  0.997425  2.750688
1336  W-Completeren aanvraag  12500.000000    11121     1.0                   -UNK-  15214.229937      nan     0.0  0.826923   0.926339  7.481602e-21  0.997425  2.750688
1337  W-Completeren aanvraag  12500.000000    11121     1.0             A-FINALIZED  13438.585367    10972     0.0  0.826923   0.926339  7.481602e-21  0.997425  2.750688
1338              A-ACCEPTED  12500.000000    11169     1.0                   -UNK-  15214.229937      nan     0.0  0.826923   0.926339  7.481602e-21  0.997425  2.750688
1339             A-FINALIZED  12500.000000    11169     1.0                  O-SENT   5000.000000    10913     0.0  0.826923   0.926339  7.481602e-21  0.997425  2.750688
1340              O-SELECTED  12500.000000    11169     1.0             O-SENT-BACK   5000.000000    11029     0.0  0.826923   0.926339  7.481602e-21  0.997425  2.750688
1341               O-CREATED  12500.000000    11169     1.0                   -UNK-  13638.230782      nan     0.0  0.826923   0.926339  7.481602e-21  0.997425  2.750688
1342                  O-SENT  12500.000000    11169     1.0                   -UNK-  15214.229937      nan     0.0  0.826923   0.926339  7.481602e-21  0.997425  2.750688
1343  W-Completeren aanvraag  12500.000000    11169     1.0                   -UNK-  15476.041736      nan     0.0  0.826923   0.926339  7.481602e-21  0.997425  2.750688
1344             O-SENT-BACK  12500.000000    11029     1.0     W-Nabellen offertes   5000.000000    11029     0.0  0.826923   0.926339  7.481602e-21  0.997425  2.750688
1345     W-Nabellen offertes  12500.000000    11029     1.0                   -UNK-  16459.576785      nan     0.0  0.826923   0.926339  7.481602e-21  0.997425  2.750688
1346              O-DECLINED  12500.000000    10629     1.0                   -UNK-  15214.229937      nan     0.0  0.826923   0.926339  7.481602e-21  0.997425  2.750688
1347              A-DECLINED  12500.000000    10629     1.0              A-DECLINED  17142.813353    10913     0.0  0.826923   0.926339  7.481602e-21  0.997425  2.750688
1348    W-Valideren aanvraag  12500.000000    10629     1.0    W-Valideren aanvraag  16597.836817    11180     0.0  0.826923   0.926339  7.481602e-21  0.997425  2.750688
1349                    -/s-  15214.229937      nan     1.0            A-REGISTERED  11714.254015    10913     0.0  0.826923   0.926339  7.481602e-21  0.997425  2.750688


==================
ES-EGW-CBI-ES-OPC-SBM-FSR-IM-2
==================

             Factual Sequence                                Counterfactual Sequence                                                                                     
                    Activity        Amount Resource Outcome                Activity        Amount Resource Outcome Sparcity Similarity   Feasibility     Delta Viability
1323                   -UNK-  15214.229937      nan     0.0                   -UNK-  15214.229937      nan     1.0  0.81044   0.923109  4.208061e-19  0.994317  2.727865
1324                   -UNK-  15214.229937      nan     0.0                   -UNK-  15214.229937      nan     1.0  0.81044   0.923109  4.208061e-19  0.994317  2.727865
1325                   -UNK-  15214.229937      nan     0.0                   -UNK-  15214.229937      nan     1.0  0.81044   0.923109  4.208061e-19  0.994317  2.727865
1326                   -UNK-  15214.229937      nan     0.0                   -UNK-  15214.229937      nan     1.0  0.81044   0.923109  4.208061e-19  0.994317  2.727865
1327                   -UNK-  15214.229937      nan     0.0             A-SUBMITTED  16000.000000      112     1.0  0.81044   0.923109  4.208061e-19  0.994317  2.727865
1328                     -s-  15214.229937      nan     0.0       A-PARTLYSUBMITTED  16000.000000      112     1.0  0.81044   0.923109  4.208061e-19  0.994317  2.727865
1329             A-SUBMITTED  15000.000000      112     0.0           A-PREACCEPTED  16000.000000    10929     1.0  0.81044   0.923109  4.208061e-19  0.994317  2.727865
1330       A-PARTLYSUBMITTED  15000.000000      112     0.0                   -UNK-  15214.229937      nan     1.0  0.81044   0.923109  4.208061e-19  0.994317  2.727865
1331           A-PREACCEPTED  15000.000000      112     0.0              A-ACCEPTED  16000.000000    10889     1.0  0.81044   0.923109  4.208061e-19  0.994317  2.727865
1332              A-ACCEPTED  15000.000000    10910     0.0              O-SELECTED  16000.000000    10889     1.0  0.81044   0.923109  4.208061e-19  0.994317  2.727865
1333              O-SELECTED  15000.000000    10910     0.0               O-CREATED  16000.000000    10889     1.0  0.81044   0.923109  4.208061e-19  0.994317  2.727865
1334             A-FINALIZED  15000.000000    10910     0.0                  O-SENT  16000.000000    10889     1.0  0.81044   0.923109  4.208061e-19  0.994317  2.727865
1335               O-CREATED  15000.000000    10910     0.0                   -UNK-  15214.229937      nan     1.0  0.81044   0.923109  4.208061e-19  0.994317  2.727865
1336                  O-SENT  15000.000000    10910     0.0  W-Completeren aanvraag  16000.000000    10889     1.0  0.81044   0.923109  4.208061e-19  0.994317  2.727865
1337  W-Completeren aanvraag  15000.000000    10910     0.0                   -UNK-  15214.229937      nan     1.0  0.81044   0.923109  4.208061e-19  0.994317  2.727865
1338     W-Nabellen offertes  15000.000000    11003     0.0     W-Nabellen offertes  16000.000000    10889     1.0  0.81044   0.923109  4.208061e-19  0.994317  2.727865
1339     W-Nabellen offertes  15000.000000    11181     0.0     W-Nabellen offertes  16000.000000    11180     1.0  0.81044   0.923109  4.208061e-19  0.994317  2.727865
1340     W-Nabellen offertes  15000.000000    10982     0.0     W-Nabellen offertes  16000.000000    10982     1.0  0.81044   0.923109  4.208061e-19  0.994317  2.727865
1341             O-SENT-BACK  15000.000000    11259     0.0                   -UNK-  15214.229937      nan     1.0  0.81044   0.923109  4.208061e-19  0.994317  2.727865
1342     W-Nabellen offertes  15000.000000    11259     0.0             O-SENT-BACK  16000.000000    11259     1.0  0.81044   0.923109  4.208061e-19  0.994317  2.727865
1343    W-Valideren aanvraag  15000.000000    10138     0.0     W-Nabellen offertes  13954.559400    11200     1.0  0.81044   0.923109  4.208061e-19  0.994317  2.727865
1344              O-ACCEPTED  15000.000000    10138     0.0              O-ACCEPTED  11787.648291    10939     1.0  0.81044   0.923109  4.208061e-19  0.994317  2.727865
1345            A-REGISTERED  15000.000000    10138     0.0              A-APPROVED  16076.877784    10861     1.0  0.81044   0.923109  4.208061e-19  0.994317  2.727865
1346              A-APPROVED  15000.000000    10138     0.0                   -UNK-  15677.330450      nan     1.0  0.81044   0.923109  4.208061e-19  0.994317  2.727865
1347             A-ACTIVATED  15000.000000    10138     0.0    W-Valideren aanvraag  13507.544123      112     1.0  0.81044   0.923109  4.208061e-19  0.994317  2.727865
1348    W-Valideren aanvraag  15000.000000    10138     0.0                   -UNK-  15369.879477      nan     1.0  0.81044   0.923109  4.208061e-19  0.994317  2.727865
1349                    -/s-  15214.229937      nan     0.0                   -UNK-  16097.324028      nan     1.0  0.81044   0.923109  4.208061e-19  0.994317  2.727865


==================
ES-EGW-CBI-ES-OPC-SBM-FSR-IM-3
==================

                     Factual Sequence                                        Counterfactual Sequence                                                                                      
                            Activity        Amount Resource Outcome                        Activity        Amount Resource Outcome  Sparcity Similarity   Feasibility     Delta Viability
1323                           -UNK-  15214.229937      nan     0.0                           -UNK-  15214.229937      nan     1.0  0.774725   0.903486  6.149121e-20  0.997183  2.675394
1324                           -UNK-  15214.229937      nan     0.0                           -UNK-  15214.229937      nan     1.0  0.774725   0.903486  6.149121e-20  0.997183  2.675394
1325                           -UNK-  15214.229937      nan     0.0                           -UNK-  15214.229937      nan     1.0  0.774725   0.903486  6.149121e-20  0.997183  2.675394
1326                             -s-  15214.229937      nan     0.0                           -UNK-  15214.229937      nan     1.0  0.774725   0.903486  6.149121e-20  0.997183  2.675394
1327                     A-SUBMITTED   5000.000000      112     0.0                           -UNK-  15214.229937      nan     1.0  0.774725   0.903486  6.149121e-20  0.997183  2.675394
1328               A-PARTLYSUBMITTED   5000.000000      112     0.0                     A-SUBMITTED   5000.000000      112     1.0  0.774725   0.903486  6.149121e-20  0.997183  2.675394
1329                   A-PREACCEPTED   5000.000000      112     0.0               A-PARTLYSUBMITTED   5000.000000      112     1.0  0.774725   0.903486  6.149121e-20  0.997183  2.675394
1330                      A-ACCEPTED   5000.000000    11169     0.0                           -UNK-  15214.229937      nan     1.0  0.774725   0.903486  6.149121e-20  0.997183  2.675394
1331                      O-SELECTED   5000.000000    11169     0.0                   A-PREACCEPTED   5000.000000      112     1.0  0.774725   0.903486  6.149121e-20  0.997183  2.675394
1332                     A-FINALIZED   5000.000000    11169     0.0                           -UNK-  15214.229937      nan     1.0  0.774725   0.903486  6.149121e-20  0.997183  2.675394
1333                       O-CREATED   5000.000000    11169     0.0                           -UNK-  15214.229937      nan     1.0  0.774725   0.903486  6.149121e-20  0.997183  2.675394
1334                          O-SENT   5000.000000    11169     0.0                           -UNK-  15214.229937      nan     1.0  0.774725   0.903486  6.149121e-20  0.997183  2.675394
1335          W-Completeren aanvraag   5000.000000    11169     0.0                      A-ACCEPTED  14325.912863    10932     1.0  0.774725   0.903486  6.149121e-20  0.997183  2.675394
1336             W-Nabellen offertes   5000.000000    10912     0.0                       O-CREATED   5000.000000    11202     1.0  0.774725   0.903486  6.149121e-20  0.997183  2.675394
1337             W-Nabellen offertes   5000.000000    10933     0.0                          O-SENT   5000.000000    11202     1.0  0.774725   0.903486  6.149121e-20  0.997183  2.675394
1338                     O-SENT-BACK   5000.000000    11259     0.0          W-Completeren aanvraag   5000.000000    11202     1.0  0.774725   0.903486  6.149121e-20  0.997183  2.675394
1339             W-Nabellen offertes   5000.000000    11259     0.0                           -UNK-  15214.229937      nan     1.0  0.774725   0.903486  6.149121e-20  0.997183  2.675394
1340            W-Valideren aanvraag   5000.000000    10138     0.0             W-Nabellen offertes  14986.774929      112     1.0  0.774725   0.903486  6.149121e-20  0.997183  2.675394
1341            W-Valideren aanvraag   5000.000000    10138     0.0             W-Nabellen offertes  15804.451811    11201     1.0  0.774725   0.903486  6.149121e-20  0.997183  2.675394
1342  W-Nabellen incomplete dossiers   5000.000000    11181     0.0                     O-SENT-BACK  15293.818917    11019     1.0  0.774725   0.903486  6.149121e-20  0.997183  2.675394
1343  W-Nabellen incomplete dossiers   5000.000000    10899     0.0             W-Nabellen offertes  15932.265766    11111     1.0  0.774725   0.903486  6.149121e-20  0.997183  2.675394
1344                      A-APPROVED   5000.000000    10138     0.0            W-Valideren aanvraag  17786.366390    11029     1.0  0.774725   0.903486  6.149121e-20  0.997183  2.675394
1345                      O-ACCEPTED   5000.000000    10138     0.0            W-Valideren aanvraag  14667.937556    11029     1.0  0.774725   0.903486  6.149121e-20  0.997183  2.675394
1346                    A-REGISTERED   5000.000000    10138     0.0                           -UNK-  16422.162287      nan     1.0  0.774725   0.903486  6.149121e-20  0.997183  2.675394
1347                     A-ACTIVATED   5000.000000    10138     0.0                           -UNK-  15214.229937      nan     1.0  0.774725   0.903486  6.149121e-20  0.997183  2.675394
1348            W-Valideren aanvraag   5000.000000    10138     0.0  W-Nabellen incomplete dossiers   6465.427455    11003     1.0  0.774725   0.903486  6.149121e-20  0.997183  2.675394
1349                            -/s-  15214.229937      nan     0.0                           -UNK-  15214.229937      nan     1.0  0.774725   0.903486  6.149121e-20  0.997183  2.675394


==================
ES-EGW-CBI-ES-OPC-SBM-RR-IM-0
==================

             Factual Sequence                                Counterfactual Sequence                                                                                      
                    Activity        Amount Resource Outcome                Activity        Amount Resource Outcome  Sparcity Similarity   Feasibility     Delta Viability
1323                     -s-  15214.229937      nan     1.0                   -UNK-  15731.165463      nan     0.0  0.648352   0.858339  9.972641e-08  0.997555  2.504245
1324             A-SUBMITTED  20000.000000      112     1.0                   -UNK-  16498.687175      nan     0.0  0.648352   0.858339  9.972641e-08  0.997555  2.504245
1325       A-PARTLYSUBMITTED  20000.000000      112     1.0                   -UNK-  15778.023818      nan     0.0  0.648352   0.858339  9.972641e-08  0.997555  2.504245
1326           A-PREACCEPTED  20000.000000      112     1.0                     -s-  16610.163473      nan     0.0  0.648352   0.858339  9.972641e-08  0.997555  2.504245
1327              A-ACCEPTED  20000.000000    10910     1.0             A-SUBMITTED  16068.244920      112     0.0  0.648352   0.858339  9.972641e-08  0.997555  2.504245
1328             A-FINALIZED  20000.000000    10910     1.0           A-PREACCEPTED  14206.036298      112     0.0  0.648352   0.858339  9.972641e-08  0.997555  2.504245
1329              O-SELECTED  20000.000000    10910     1.0       A-PARTLYSUBMITTED  17355.267358      112     0.0  0.648352   0.858339  9.972641e-08  0.997555  2.504245
1330               O-CREATED  20000.000000    10910     1.0           A-PREACCEPTED  14206.036298      112     0.0  0.648352   0.858339  9.972641e-08  0.997555  2.504245
1331                  O-SENT  20000.000000    10910     1.0              A-ACCEPTED  14626.306361    10933     0.0  0.648352   0.858339  9.972641e-08  0.997555  2.504245
1332  W-Completeren aanvraag  20000.000000    10910     1.0                   -UNK-  16071.616455      nan     0.0  0.648352   0.858339  9.972641e-08  0.997555  2.504245
1333     W-Nabellen offertes  20000.000000    11000     1.0     W-Nabellen offertes  13158.148135    10862     0.0  0.648352   0.858339  9.972641e-08  0.997555  2.504245
1334              O-SELECTED  20000.000000    11202     1.0                   -UNK-  15214.229937      nan     0.0  0.648352   0.858339  9.972641e-08  0.997555  2.504245
1335             O-CANCELLED  20000.000000    11202     1.0                   -UNK-  15214.229937      nan     0.0  0.648352   0.858339  9.972641e-08  0.997555  2.504245
1336               O-CREATED  20000.000000    11202     1.0     W-Nabellen offertes  15383.945725    10913     0.0  0.648352   0.858339  9.972641e-08  0.997555  2.504245
1337                  O-SENT  20000.000000    11202     1.0     W-Nabellen offertes  14928.888246    11000     0.0  0.648352   0.858339  9.972641e-08  0.997555  2.504245
1338     W-Nabellen offertes  20000.000000    11202     1.0     W-Nabellen offertes  16253.266179    11202     0.0  0.648352   0.858339  9.972641e-08  0.997555  2.504245
1339     W-Nabellen offertes  20000.000000    11202     1.0     W-Nabellen offertes  16262.623728    11009     0.0  0.648352   0.858339  9.972641e-08  0.997555  2.504245
1340     W-Nabellen offertes  20000.000000    11181     1.0     W-Nabellen offertes  15543.325840    10609     0.0  0.648352   0.858339  9.972641e-08  0.997555  2.504245
1341     W-Nabellen offertes  20000.000000    11203     1.0     W-Nabellen offertes  14952.714532    11203     0.0  0.648352   0.858339  9.972641e-08  0.997555  2.504245
1342     W-Nabellen offertes  20000.000000    11180     1.0     W-Nabellen offertes  15449.765842    11121     0.0  0.648352   0.858339  9.972641e-08  0.997555  2.504245
1343     W-Nabellen offertes  20000.000000    10982     1.0     W-Nabellen offertes  16428.172834    11289     0.0  0.648352   0.858339  9.972641e-08  0.997555  2.504245
1344     W-Nabellen offertes  20000.000000    11003     1.0     W-Nabellen offertes  15156.541414    11203     0.0  0.648352   0.858339  9.972641e-08  0.997555  2.504245
1345     W-Nabellen offertes  20000.000000    11201     1.0     W-Nabellen offertes  15389.319721    10789     0.0  0.648352   0.858339  9.972641e-08  0.997555  2.504245
1346             A-CANCELLED  20000.000000    11201     1.0                   -UNK-  15214.229937      nan     0.0  0.648352   0.858339  9.972641e-08  0.997555  2.504245
1347             O-CANCELLED  20000.000000    11201     1.0                   -UNK-  15264.935564      nan     0.0  0.648352   0.858339  9.972641e-08  0.997555  2.504245
1348     W-Nabellen offertes  20000.000000    11201     1.0            A-REGISTERED  15485.720637    10861     0.0  0.648352   0.858339  9.972641e-08  0.997555  2.504245
1349                    -/s-  15214.229937      nan     1.0                    -/s-  10765.863514      nan     0.0  0.648352   0.858339  9.972641e-08  0.997555  2.504245


==================
ES-EGW-CBI-ES-OPC-SBM-RR-IM-1
==================

             Factual Sequence                                Counterfactual Sequence                                                                                    
                    Activity        Amount Resource Outcome                Activity        Amount Resource Outcome  Sparcity Similarity Feasibility     Delta Viability
1323                   -UNK-  15214.229937      nan     1.0                   -UNK-  14283.800964      nan     0.0  0.741758   0.900005    0.000002  0.997201  2.638967
1324                   -UNK-  15214.229937      nan     1.0                   -UNK-  15129.266498      nan     0.0  0.741758   0.900005    0.000002  0.997201  2.638967
1325                   -UNK-  15214.229937      nan     1.0                   -UNK-  15606.106042      nan     0.0  0.741758   0.900005    0.000002  0.997201  2.638967
1326                   -UNK-  15214.229937      nan     1.0                   -UNK-  15123.464032      nan     0.0  0.741758   0.900005    0.000002  0.997201  2.638967
1327                   -UNK-  15214.229937      nan     1.0                   -UNK-  16452.348310      nan     0.0  0.741758   0.900005    0.000002  0.997201  2.638967
1328                   -UNK-  15214.229937      nan     1.0                   -UNK-  15130.415703      nan     0.0  0.741758   0.900005    0.000002  0.997201  2.638967
1329                   -UNK-  15214.229937      nan     1.0                   -UNK-  16452.348310      nan     0.0  0.741758   0.900005    0.000002  0.997201  2.638967
1330                     -s-  15214.229937      nan     1.0                   -UNK-  15854.997022      nan     0.0  0.741758   0.900005    0.000002  0.997201  2.638967
1331             A-SUBMITTED  12500.000000      112     1.0             A-SUBMITTED  14347.107830      112     0.0  0.741758   0.900005    0.000002  0.997201  2.638967
1332       A-PARTLYSUBMITTED  12500.000000      112     1.0       A-PARTLYSUBMITTED  14755.425791      112     0.0  0.741758   0.900005    0.000002  0.997201  2.638967
1333           A-PREACCEPTED  12500.000000      112     1.0           A-PREACCEPTED  13430.923518    11200     0.0  0.741758   0.900005    0.000002  0.997201  2.638967
1334  W-Completeren aanvraag  12500.000000    11189     1.0  W-Completeren aanvraag  14295.177684    11001     0.0  0.741758   0.900005    0.000002  0.997201  2.638967
1335  W-Completeren aanvraag  12500.000000    11189     1.0  W-Completeren aanvraag  14137.448305    10972     0.0  0.741758   0.900005    0.000002  0.997201  2.638967
1336  W-Completeren aanvraag  12500.000000    11121     1.0             A-FINALIZED  13182.916350    10789     0.0  0.741758   0.900005    0.000002  0.997201  2.638967
1337  W-Completeren aanvraag  12500.000000    11121     1.0              A-ACCEPTED  12926.392408    10862     0.0  0.741758   0.900005    0.000002  0.997201  2.638967
1338              A-ACCEPTED  12500.000000    11169     1.0              O-SELECTED  14852.905962    10929     0.0  0.741758   0.900005    0.000002  0.997201  2.638967
1339             A-FINALIZED  12500.000000    11169     1.0               O-CREATED  15411.993523    11300     0.0  0.741758   0.900005    0.000002  0.997201  2.638967
1340              O-SELECTED  12500.000000    11169     1.0  W-Completeren aanvraag  15758.138200    11122     0.0  0.741758   0.900005    0.000002  0.997201  2.638967
1341               O-CREATED  12500.000000    11169     1.0             O-SENT-BACK  14394.751102    10931     0.0  0.741758   0.900005    0.000002  0.997201  2.638967
1342                  O-SENT  12500.000000    11169     1.0                   -UNK-  14935.015791      nan     0.0  0.741758   0.900005    0.000002  0.997201  2.638967
1343  W-Completeren aanvraag  12500.000000    11169     1.0                   -UNK-  14615.664507      nan     0.0  0.741758   0.900005    0.000002  0.997201  2.638967
1344             O-SENT-BACK  12500.000000    11029     1.0                   -UNK-  13661.156775      nan     0.0  0.741758   0.900005    0.000002  0.997201  2.638967
1345     W-Nabellen offertes  12500.000000    11029     1.0                   -UNK-  14334.981652      nan     0.0  0.741758   0.900005    0.000002  0.997201  2.638967
1346              O-DECLINED  12500.000000    10629     1.0                   -UNK-  15821.797882      nan     0.0  0.741758   0.900005    0.000002  0.997201  2.638967
1347              A-DECLINED  12500.000000    10629     1.0              O-ACCEPTED  22685.814057    11019     0.0  0.741758   0.900005    0.000002  0.997201  2.638967
1348    W-Valideren aanvraag  12500.000000    10629     1.0    W-Valideren aanvraag  18764.457592    10912     0.0  0.741758   0.900005    0.000002  0.997201  2.638967
1349                    -/s-  15214.229937      nan     1.0                    -/s-  11741.759662      nan     0.0  0.741758   0.900005    0.000002  0.997201  2.638967


==================
ES-EGW-CBI-ES-OPC-SBM-RR-IM-2
==================

             Factual Sequence                                Counterfactual Sequence                                                                                   
                    Activity        Amount Resource Outcome                Activity        Amount Resource Outcome  Sparcity Similarity Feasibility    Delta Viability
1323                   -UNK-  15214.229937      nan     0.0                   -UNK-  15448.679343      nan     1.0  0.747253   0.886071    0.000003  0.99659  2.629917
1324                   -UNK-  15214.229937      nan     0.0                   -UNK-  12730.900435      nan     1.0  0.747253   0.886071    0.000003  0.99659  2.629917
1325                   -UNK-  15214.229937      nan     0.0                   -UNK-  15827.547465      nan     1.0  0.747253   0.886071    0.000003  0.99659  2.629917
1326                   -UNK-  15214.229937      nan     0.0                   -UNK-  14474.770008      nan     1.0  0.747253   0.886071    0.000003  0.99659  2.629917
1327                   -UNK-  15214.229937      nan     0.0                   -UNK-  14591.923444      nan     1.0  0.747253   0.886071    0.000003  0.99659  2.629917
1328                     -s-  15214.229937      nan     0.0                   -UNK-  14604.335992      nan     1.0  0.747253   0.886071    0.000003  0.99659  2.629917
1329             A-SUBMITTED  15000.000000      112     0.0             A-SUBMITTED  15134.626037      112     1.0  0.747253   0.886071    0.000003  0.99659  2.629917
1330       A-PARTLYSUBMITTED  15000.000000      112     0.0       A-PARTLYSUBMITTED  17567.009331      112     1.0  0.747253   0.886071    0.000003  0.99659  2.629917
1331           A-PREACCEPTED  15000.000000      112     0.0           A-PREACCEPTED  13807.775988      112     1.0  0.747253   0.886071    0.000003  0.99659  2.629917
1332              A-ACCEPTED  15000.000000    10910     0.0              A-ACCEPTED  14163.603934    10913     1.0  0.747253   0.886071    0.000003  0.99659  2.629917
1333              O-SELECTED  15000.000000    10910     0.0              O-SELECTED  15319.937498    10862     1.0  0.747253   0.886071    0.000003  0.99659  2.629917
1334             A-FINALIZED  15000.000000    10910     0.0             A-FINALIZED  15467.563669    10188     1.0  0.747253   0.886071    0.000003  0.99659  2.629917
1335               O-CREATED  15000.000000    10910     0.0               O-CREATED  17183.312763    11000     1.0  0.747253   0.886071    0.000003  0.99659  2.629917
1336                  O-SENT  15000.000000    10910     0.0                  O-SENT  16331.434241    10912     1.0  0.747253   0.886071    0.000003  0.99659  2.629917
1337  W-Completeren aanvraag  15000.000000    10910     0.0  W-Completeren aanvraag  15463.864376    10789     1.0  0.747253   0.886071    0.000003  0.99659  2.629917
1338     W-Nabellen offertes  15000.000000    11003     0.0     W-Nabellen offertes  14333.406685    10138     1.0  0.747253   0.886071    0.000003  0.99659  2.629917
1339     W-Nabellen offertes  15000.000000    11181     0.0     W-Nabellen offertes  16120.374475    10629     1.0  0.747253   0.886071    0.000003  0.99659  2.629917
1340     W-Nabellen offertes  15000.000000    10982     0.0     W-Nabellen offertes  15554.786787      nan     1.0  0.747253   0.886071    0.000003  0.99659  2.629917
1341             O-SENT-BACK  15000.000000    11259     0.0             O-SENT-BACK   9444.394412    11111     1.0  0.747253   0.886071    0.000003  0.99659  2.629917
1342     W-Nabellen offertes  15000.000000    11259     0.0     W-Nabellen offertes  14929.890342    10899     1.0  0.747253   0.886071    0.000003  0.99659  2.629917
1343    W-Valideren aanvraag  15000.000000    10138     0.0    W-Valideren aanvraag  12834.968046    10899     1.0  0.747253   0.886071    0.000003  0.99659  2.629917
1344              O-ACCEPTED  15000.000000    10138     0.0             O-SENT-BACK  15433.802513    11181     1.0  0.747253   0.886071    0.000003  0.99659  2.629917
1345            A-REGISTERED  15000.000000    10138     0.0    W-Valideren aanvraag  12613.860382    10609     1.0  0.747253   0.886071    0.000003  0.99659  2.629917
1346              A-APPROVED  15000.000000    10138     0.0                   -UNK-  15881.861656      nan     1.0  0.747253   0.886071    0.000003  0.99659  2.629917
1347             A-ACTIVATED  15000.000000    10138     0.0                   -UNK-  13224.728716      nan     1.0  0.747253   0.886071    0.000003  0.99659  2.629917
1348    W-Valideren aanvraag  15000.000000    10138     0.0    W-Valideren aanvraag  16122.367504    10862     1.0  0.747253   0.886071    0.000003  0.99659  2.629917
1349                    -/s-  15214.229937      nan     0.0                    -/s-  16332.293415      nan     1.0  0.747253   0.886071    0.000003  0.99659  2.629917


==================
ES-EGW-CBI-ES-OPC-SBM-RR-IM-3
==================

                     Factual Sequence                                Counterfactual Sequence                                                                                      
                            Activity        Amount Resource Outcome                Activity        Amount Resource Outcome  Sparcity Similarity   Feasibility     Delta Viability
1323                           -UNK-  15214.229937      nan     0.0                   -UNK-  14011.497975      nan     1.0  0.706044   0.867987  3.024005e-07  0.997092  2.571123
1324                           -UNK-  15214.229937      nan     0.0                   -UNK-  15408.974036      nan     1.0  0.706044   0.867987  3.024005e-07  0.997092  2.571123
1325                           -UNK-  15214.229937      nan     0.0                   -UNK-  14872.970312      nan     1.0  0.706044   0.867987  3.024005e-07  0.997092  2.571123
1326                             -s-  15214.229937      nan     0.0                   -UNK-  15214.229937      nan     1.0  0.706044   0.867987  3.024005e-07  0.997092  2.571123
1327                     A-SUBMITTED   5000.000000      112     0.0                   -UNK-  15703.630708      nan     1.0  0.706044   0.867987  3.024005e-07  0.997092  2.571123
1328               A-PARTLYSUBMITTED   5000.000000      112     0.0                   -UNK-  15349.054377      nan     1.0  0.706044   0.867987  3.024005e-07  0.997092  2.571123
1329                   A-PREACCEPTED   5000.000000      112     0.0                     -s-  14827.775727      nan     1.0  0.706044   0.867987  3.024005e-07  0.997092  2.571123
1330                      A-ACCEPTED   5000.000000    11169     0.0                   -UNK-  13854.020215      nan     1.0  0.706044   0.867987  3.024005e-07  0.997092  2.571123
1331                      O-SELECTED   5000.000000    11169     0.0                   -UNK-  14522.110950      nan     1.0  0.706044   0.867987  3.024005e-07  0.997092  2.571123
1332                     A-FINALIZED   5000.000000    11169     0.0                     -s-  12866.142927      nan     1.0  0.706044   0.867987  3.024005e-07  0.997092  2.571123
1333                       O-CREATED   5000.000000    11169     0.0             A-SUBMITTED  13780.290213      112     1.0  0.706044   0.867987  3.024005e-07  0.997092  2.571123
1334                          O-SENT   5000.000000    11169     0.0       A-PARTLYSUBMITTED  12070.928532      112     1.0  0.706044   0.867987  3.024005e-07  0.997092  2.571123
1335          W-Completeren aanvraag   5000.000000    11169     0.0           A-PREACCEPTED  16913.462495    10188     1.0  0.706044   0.867987  3.024005e-07  0.997092  2.571123
1336             W-Nabellen offertes   5000.000000    10912     0.0              A-ACCEPTED  14536.920795    10881     1.0  0.706044   0.867987  3.024005e-07  0.997092  2.571123
1337             W-Nabellen offertes   5000.000000    10933     0.0                   -UNK-  15214.229937      nan     1.0  0.706044   0.867987  3.024005e-07  0.997092  2.571123
1338                     O-SENT-BACK   5000.000000    11259     0.0               O-CREATED  14592.773897    11169     1.0  0.706044   0.867987  3.024005e-07  0.997092  2.571123
1339             W-Nabellen offertes   5000.000000    11259     0.0                   -UNK-  15214.229937      nan     1.0  0.706044   0.867987  3.024005e-07  0.997092  2.571123
1340            W-Valideren aanvraag   5000.000000    10138     0.0                   -UNK-  15214.229937      nan     1.0  0.706044   0.867987  3.024005e-07  0.997092  2.571123
1341            W-Valideren aanvraag   5000.000000    10138     0.0  W-Completeren aanvraag  17339.627489    10779     1.0  0.706044   0.867987  3.024005e-07  0.997092  2.571123
1342  W-Nabellen incomplete dossiers   5000.000000    11181     0.0     W-Nabellen offertes  17160.673095      nan     1.0  0.706044   0.867987  3.024005e-07  0.997092  2.571123
1343  W-Nabellen incomplete dossiers   5000.000000    10899     0.0     W-Nabellen offertes  15682.818101    11309     1.0  0.706044   0.867987  3.024005e-07  0.997092  2.571123
1344                      A-APPROVED   5000.000000    10138     0.0             O-SENT-BACK  18130.159823    10629     1.0  0.706044   0.867987  3.024005e-07  0.997092  2.571123
1345                      O-ACCEPTED   5000.000000    10138     0.0     W-Nabellen offertes  14357.884062    11119     1.0  0.706044   0.867987  3.024005e-07  0.997092  2.571123
1346                    A-REGISTERED   5000.000000    10138     0.0    W-Valideren aanvraag  18679.819902    10881     1.0  0.706044   0.867987  3.024005e-07  0.997092  2.571123
1347                     A-ACTIVATED   5000.000000    10138     0.0    W-Valideren aanvraag  14279.694306    11189     1.0  0.706044   0.867987  3.024005e-07  0.997092  2.571123
1348            W-Valideren aanvraag   5000.000000    10138     0.0                   -UNK-  15601.090338      nan     1.0  0.706044   0.867987  3.024005e-07  0.997092  2.571123
1349                            -/s-  15214.229937      nan     0.0                    -/s-  14684.082103      nan     1.0  0.706044   0.867987  3.024005e-07  0.997092  2.571123


==================
RG-RGW-IM-0
==================

             Factual Sequence                                        Counterfactual Sequence                                                                                     
                    Activity        Amount Resource Outcome                        Activity        Amount Resource Outcome  Sparcity Similarity   Feasibility    Delta Viability
1323                     -s-  15214.229937      nan     1.0             W-Nabellen offertes  11448.102326      nan     0.0  0.173077   0.452621  2.220446e-16  0.99746  1.623158
1324             A-SUBMITTED  20000.000000      112     1.0                            -/s-   8180.135842      nan     0.0  0.173077   0.452621  2.220446e-16  0.99746  1.623158
1325       A-PARTLYSUBMITTED  20000.000000      112     1.0                     A-FINALIZED  12826.817062      nan     0.0  0.173077   0.452621  2.220446e-16  0.99746  1.623158
1326           A-PREACCEPTED  20000.000000      112     1.0                      O-SELECTED  16105.961017      nan     0.0  0.173077   0.452621  2.220446e-16  0.99746  1.623158
1327              A-ACCEPTED  20000.000000    10910     1.0                     O-CANCELLED  31410.215478      nan     0.0  0.173077   0.452621  2.220446e-16  0.99746  1.623158
1328             A-FINALIZED  20000.000000    10910     1.0                             -s-  12720.112109      nan     0.0  0.173077   0.452621  2.220446e-16  0.99746  1.623158
1329              O-SELECTED  20000.000000    10910     1.0                             -s-  32368.781083      nan     0.0  0.173077   0.452621  2.220446e-16  0.99746  1.623158
1330               O-CREATED  20000.000000    10910     1.0                     O-SENT-BACK  29658.171841      nan     0.0  0.173077   0.452621  2.220446e-16  0.99746  1.623158
1331                  O-SENT  20000.000000    10910     1.0             W-Nabellen offertes  -3133.749321      nan     0.0  0.173077   0.452621  2.220446e-16  0.99746  1.623158
1332  W-Completeren aanvraag  20000.000000    10910     1.0                          O-SENT  21072.939745      nan     0.0  0.173077   0.452621  2.220446e-16  0.99746  1.623158
1333     W-Nabellen offertes  20000.000000    11000     1.0                     O-SENT-BACK  24949.154673      nan     0.0  0.173077   0.452621  2.220446e-16  0.99746  1.623158
1334              O-SELECTED  20000.000000    11202     1.0                     O-SENT-BACK  22100.154301      nan     0.0  0.173077   0.452621  2.220446e-16  0.99746  1.623158
1335             O-CANCELLED  20000.000000    11202     1.0                      A-DECLINED  18266.739448      nan     0.0  0.173077   0.452621  2.220446e-16  0.99746  1.623158
1336               O-CREATED  20000.000000    11202     1.0                      A-DECLINED  27136.032344      nan     0.0  0.173077   0.452621  2.220446e-16  0.99746  1.623158
1337                  O-SENT  20000.000000    11202     1.0                     O-SENT-BACK  10159.426821      nan     0.0  0.173077   0.452621  2.220446e-16  0.99746  1.623158
1338     W-Nabellen offertes  20000.000000    11202     1.0              W-Afhandelen leads  17176.223396      nan     0.0  0.173077   0.452621  2.220446e-16  0.99746  1.623158
1339     W-Nabellen offertes  20000.000000    11202     1.0                     O-SENT-BACK  28307.740591      nan     0.0  0.173077   0.452621  2.220446e-16  0.99746  1.623158
1340     W-Nabellen offertes  20000.000000    11181     1.0             W-Nabellen offertes  35235.709545      nan     0.0  0.173077   0.452621  2.220446e-16  0.99746  1.623158
1341     W-Nabellen offertes  20000.000000    11203     1.0                     O-CANCELLED  -1319.290188      nan     0.0  0.173077   0.452621  2.220446e-16  0.99746  1.623158
1342     W-Nabellen offertes  20000.000000    11180     1.0             W-Nabellen offertes  -5710.381380      nan     0.0  0.173077   0.452621  2.220446e-16  0.99746  1.623158
1343     W-Nabellen offertes  20000.000000    10982     1.0                     A-SUBMITTED   3904.872031      nan     0.0  0.173077   0.452621  2.220446e-16  0.99746  1.623158
1344     W-Nabellen offertes  20000.000000    11003     1.0                            -/s-  15127.911840      nan     0.0  0.173077   0.452621  2.220446e-16  0.99746  1.623158
1345     W-Nabellen offertes  20000.000000    11201     1.0          W-Completeren aanvraag  15866.823838      nan     0.0  0.173077   0.452621  2.220446e-16  0.99746  1.623158
1346             A-CANCELLED  20000.000000    11201     1.0                      A-DECLINED  22628.070650      nan     0.0  0.173077   0.452621  2.220446e-16  0.99746  1.623158
1347             O-CANCELLED  20000.000000    11201     1.0                      O-SELECTED  14640.588959      nan     0.0  0.173077   0.452621  2.220446e-16  0.99746  1.623158
1348     W-Nabellen offertes  20000.000000    11201     1.0  W-Nabellen incomplete dossiers  10355.180971      nan     0.0  0.173077   0.452621  2.220446e-16  0.99746  1.623158
1349                    -/s-  15214.229937      nan     1.0                      A-APPROVED  11027.078034      nan     0.0  0.173077   0.452621  2.220446e-16  0.99746  1.623158


==================
RG-RGW-IM-1
==================

             Factual Sequence                                        Counterfactual Sequence                                                                                      
                    Activity        Amount Resource Outcome                        Activity        Amount Resource Outcome  Sparcity Similarity   Feasibility     Delta Viability
1323                   -UNK-  15214.229937      nan     1.0                      O-SELECTED  34867.124558      nan     0.0  0.288462   0.540595  2.220446e-16  0.995083   1.82414
1324                   -UNK-  15214.229937      nan     1.0             W-Beoordelen fraude  -5306.133065      nan     0.0  0.288462   0.540595  2.220446e-16  0.995083   1.82414
1325                   -UNK-  15214.229937      nan     1.0                    A-REGISTERED     92.321283      nan     0.0  0.288462   0.540595  2.220446e-16  0.995083   1.82414
1326                   -UNK-  15214.229937      nan     1.0                     A-CANCELLED  20803.989581      nan     0.0  0.288462   0.540595  2.220446e-16  0.995083   1.82414
1327                   -UNK-  15214.229937      nan     1.0            W-Valideren aanvraag   3796.715408      nan     0.0  0.288462   0.540595  2.220446e-16  0.995083   1.82414
1328                   -UNK-  15214.229937      nan     1.0                      O-DECLINED  11283.240144      nan     0.0  0.288462   0.540595  2.220446e-16  0.995083   1.82414
1329                   -UNK-  15214.229937      nan     1.0                            -/s-  23961.711857      nan     0.0  0.288462   0.540595  2.220446e-16  0.995083   1.82414
1330                     -s-  15214.229937      nan     1.0                   A-PREACCEPTED  -9707.436743      nan     0.0  0.288462   0.540595  2.220446e-16  0.995083   1.82414
1331             A-SUBMITTED  12500.000000      112     1.0  W-Nabellen incomplete dossiers  39724.727757      nan     0.0  0.288462   0.540595  2.220446e-16  0.995083   1.82414
1332       A-PARTLYSUBMITTED  12500.000000      112     1.0                     A-ACTIVATED   8868.381946      nan     0.0  0.288462   0.540595  2.220446e-16  0.995083   1.82414
1333           A-PREACCEPTED  12500.000000      112     1.0                      A-DECLINED  -2896.404381      nan     0.0  0.288462   0.540595  2.220446e-16  0.995083   1.82414
1334  W-Completeren aanvraag  12500.000000    11189     1.0          W-Completeren aanvraag  16546.923289      nan     0.0  0.288462   0.540595  2.220446e-16  0.995083   1.82414
1335  W-Completeren aanvraag  12500.000000    11189     1.0               A-PARTLYSUBMITTED   8358.846019      nan     0.0  0.288462   0.540595  2.220446e-16  0.995083   1.82414
1336  W-Completeren aanvraag  12500.000000    11121     1.0                     A-FINALIZED  24889.356333      nan     0.0  0.288462   0.540595  2.220446e-16  0.995083   1.82414
1337  W-Completeren aanvraag  12500.000000    11121     1.0                      A-ACCEPTED   2559.679604      nan     0.0  0.288462   0.540595  2.220446e-16  0.995083   1.82414
1338              A-ACCEPTED  12500.000000    11169     1.0             W-Nabellen offertes  21529.228802      nan     0.0  0.288462   0.540595  2.220446e-16  0.995083   1.82414
1339             A-FINALIZED  12500.000000    11169     1.0              W-Afhandelen leads   8526.597855      nan     0.0  0.288462   0.540595  2.220446e-16  0.995083   1.82414
1340              O-SELECTED  12500.000000    11169     1.0                      O-DECLINED   1821.736096      nan     0.0  0.288462   0.540595  2.220446e-16  0.995083   1.82414
1341               O-CREATED  12500.000000    11169     1.0             W-Beoordelen fraude  -2554.847183      nan     0.0  0.288462   0.540595  2.220446e-16  0.995083   1.82414
1342                  O-SENT  12500.000000    11169     1.0                     O-SENT-BACK  22867.763676      nan     0.0  0.288462   0.540595  2.220446e-16  0.995083   1.82414
1343  W-Completeren aanvraag  12500.000000    11169     1.0                    A-REGISTERED  -3800.258006      nan     0.0  0.288462   0.540595  2.220446e-16  0.995083   1.82414
1344             O-SENT-BACK  12500.000000    11029     1.0               A-PARTLYSUBMITTED   9633.267813      nan     0.0  0.288462   0.540595  2.220446e-16  0.995083   1.82414
1345     W-Nabellen offertes  12500.000000    11029     1.0            W-Valideren aanvraag  19762.534080      nan     0.0  0.288462   0.540595  2.220446e-16  0.995083   1.82414
1346              O-DECLINED  12500.000000    10629     1.0                       O-CREATED   2978.779943      nan     0.0  0.288462   0.540595  2.220446e-16  0.995083   1.82414
1347              A-DECLINED  12500.000000    10629     1.0                             -s-  23105.181445      nan     0.0  0.288462   0.540595  2.220446e-16  0.995083   1.82414
1348    W-Valideren aanvraag  12500.000000    10629     1.0                            -/s-  10431.007878      nan     0.0  0.288462   0.540595  2.220446e-16  0.995083   1.82414
1349                    -/s-  15214.229937      nan     1.0                      O-ACCEPTED  18383.234706      nan     0.0  0.288462   0.540595  2.220446e-16  0.995083   1.82414


==================
RG-RGW-IM-2
==================

             Factual Sequence                                Counterfactual Sequence                                                                                      
                    Activity        Amount Resource Outcome                Activity        Amount Resource Outcome  Sparcity Similarity   Feasibility     Delta Viability
1323                   -UNK-  15214.229937      nan     0.0            A-REGISTERED  39605.027603      nan     1.0  0.269231   0.514462  2.220446e-16  0.997187   1.78088
1324                   -UNK-  15214.229937      nan     0.0       A-PARTLYSUBMITTED  23780.673359      nan     1.0  0.269231   0.514462  2.220446e-16  0.997187   1.78088
1325                   -UNK-  15214.229937      nan     0.0             A-ACTIVATED  19355.652933      nan     1.0  0.269231   0.514462  2.220446e-16  0.997187   1.78088
1326                   -UNK-  15214.229937      nan     0.0             A-CANCELLED  29484.515308      nan     1.0  0.269231   0.514462  2.220446e-16  0.997187   1.78088
1327                   -UNK-  15214.229937      nan     0.0     W-Beoordelen fraude  14851.175750      nan     1.0  0.269231   0.514462  2.220446e-16  0.997187   1.78088
1328                     -s-  15214.229937      nan     0.0     W-Beoordelen fraude  30724.194257      nan     1.0  0.269231   0.514462  2.220446e-16  0.997187   1.78088
1329             A-SUBMITTED  15000.000000      112     0.0           A-PREACCEPTED  -3592.447571      nan     1.0  0.269231   0.514462  2.220446e-16  0.997187   1.78088
1330       A-PARTLYSUBMITTED  15000.000000      112     0.0              O-ACCEPTED  42644.533026      nan     1.0  0.269231   0.514462  2.220446e-16  0.997187   1.78088
1331           A-PREACCEPTED  15000.000000      112     0.0  W-Completeren aanvraag   1198.777642      nan     1.0  0.269231   0.514462  2.220446e-16  0.997187   1.78088
1332              A-ACCEPTED  15000.000000    10910     0.0              A-DECLINED  39806.665136      nan     1.0  0.269231   0.514462  2.220446e-16  0.997187   1.78088
1333              O-SELECTED  15000.000000    10910     0.0              O-DECLINED  -7135.579245      nan     1.0  0.269231   0.514462  2.220446e-16  0.997187   1.78088
1334             A-FINALIZED  15000.000000    10910     0.0              A-DECLINED  -4768.105343      nan     1.0  0.269231   0.514462  2.220446e-16  0.997187   1.78088
1335               O-CREATED  15000.000000    10910     0.0              A-ACCEPTED  26806.828470      nan     1.0  0.269231   0.514462  2.220446e-16  0.997187   1.78088
1336                  O-SENT  15000.000000    10910     0.0       A-PARTLYSUBMITTED  14428.038052      nan     1.0  0.269231   0.514462  2.220446e-16  0.997187   1.78088
1337  W-Completeren aanvraag  15000.000000    10910     0.0                   -UNK-  16172.565711      nan     1.0  0.269231   0.514462  2.220446e-16  0.997187   1.78088
1338     W-Nabellen offertes  15000.000000    11003     0.0  W-Completeren aanvraag  21934.590970      nan     1.0  0.269231   0.514462  2.220446e-16  0.997187   1.78088
1339     W-Nabellen offertes  15000.000000    11181     0.0                     -s-  23808.242595      nan     1.0  0.269231   0.514462  2.220446e-16  0.997187   1.78088
1340     W-Nabellen offertes  15000.000000    10982     0.0              O-SELECTED   9701.775820      nan     1.0  0.269231   0.514462  2.220446e-16  0.997187   1.78088
1341             O-SENT-BACK  15000.000000    11259     0.0           A-PREACCEPTED  19794.509961      nan     1.0  0.269231   0.514462  2.220446e-16  0.997187   1.78088
1342     W-Nabellen offertes  15000.000000    11259     0.0             O-SENT-BACK  16330.345969      nan     1.0  0.269231   0.514462  2.220446e-16  0.997187   1.78088
1343    W-Valideren aanvraag  15000.000000    10138     0.0    W-Valideren aanvraag  -5267.206829      nan     1.0  0.269231   0.514462  2.220446e-16  0.997187   1.78088
1344              O-ACCEPTED  15000.000000    10138     0.0              O-DECLINED   8130.656171      nan     1.0  0.269231   0.514462  2.220446e-16  0.997187   1.78088
1345            A-REGISTERED  15000.000000    10138     0.0            A-REGISTERED  13093.967648      nan     1.0  0.269231   0.514462  2.220446e-16  0.997187   1.78088
1346              A-APPROVED  15000.000000    10138     0.0              A-APPROVED  14822.382343      nan     1.0  0.269231   0.514462  2.220446e-16  0.997187   1.78088
1347             A-ACTIVATED  15000.000000    10138     0.0     W-Nabellen offertes  -7342.978699      nan     1.0  0.269231   0.514462  2.220446e-16  0.997187   1.78088
1348    W-Valideren aanvraag  15000.000000    10138     0.0                  O-SENT  15829.186519      nan     1.0  0.269231   0.514462  2.220446e-16  0.997187   1.78088
1349                    -/s-  15214.229937      nan     0.0               O-CREATED  13538.777415      nan     1.0  0.269231   0.514462  2.220446e-16  0.997187   1.78088


==================
RG-RGW-IM-3
==================

                     Factual Sequence                                Counterfactual Sequence                                                                                      
                            Activity        Amount Resource Outcome                Activity        Amount Resource Outcome  Sparcity Similarity   Feasibility     Delta Viability
1323                           -UNK-  15214.229937      nan     0.0             O-SENT-BACK  18010.120654      nan     1.0  0.230769   0.498996  2.220446e-16  0.995898  1.725663
1324                           -UNK-  15214.229937      nan     0.0           A-PREACCEPTED   7343.023623      nan     1.0  0.230769   0.498996  2.220446e-16  0.995898  1.725663
1325                           -UNK-  15214.229937      nan     0.0              A-ACCEPTED    737.962992      nan     1.0  0.230769   0.498996  2.220446e-16  0.995898  1.725663
1326                             -s-  15214.229937      nan     0.0              A-DECLINED  21593.735617      nan     1.0  0.230769   0.498996  2.220446e-16  0.995898  1.725663
1327                     A-SUBMITTED   5000.000000      112     0.0             A-SUBMITTED  15412.721305      nan     1.0  0.230769   0.498996  2.220446e-16  0.995898  1.725663
1328               A-PARTLYSUBMITTED   5000.000000      112     0.0                  O-SENT  10116.563041      nan     1.0  0.230769   0.498996  2.220446e-16  0.995898  1.725663
1329                   A-PREACCEPTED   5000.000000      112     0.0       A-PARTLYSUBMITTED  -7953.509056      nan     1.0  0.230769   0.498996  2.220446e-16  0.995898  1.725663
1330                      A-ACCEPTED   5000.000000    11169     0.0     W-Beoordelen fraude  13154.750970      nan     1.0  0.230769   0.498996  2.220446e-16  0.995898  1.725663
1331                      O-SELECTED   5000.000000    11169     0.0                    -/s-   7652.350764      nan     1.0  0.230769   0.498996  2.220446e-16  0.995898  1.725663
1332                     A-FINALIZED   5000.000000    11169     0.0      W-Afhandelen leads  21801.167810      nan     1.0  0.230769   0.498996  2.220446e-16  0.995898  1.725663
1333                       O-CREATED   5000.000000    11169     0.0             A-ACTIVATED  10726.554417      nan     1.0  0.230769   0.498996  2.220446e-16  0.995898  1.725663
1334                          O-SENT   5000.000000    11169     0.0              O-SELECTED  12770.108756      nan     1.0  0.230769   0.498996  2.220446e-16  0.995898  1.725663
1335          W-Completeren aanvraag   5000.000000    11169     0.0              A-APPROVED  23393.874930      nan     1.0  0.230769   0.498996  2.220446e-16  0.995898  1.725663
1336             W-Nabellen offertes   5000.000000    10912     0.0             O-SENT-BACK   9499.669872      nan     1.0  0.230769   0.498996  2.220446e-16  0.995898  1.725663
1337             W-Nabellen offertes   5000.000000    10933     0.0     W-Nabellen offertes  41232.104814      nan     1.0  0.230769   0.498996  2.220446e-16  0.995898  1.725663
1338                     O-SENT-BACK   5000.000000    11259     0.0  W-Completeren aanvraag  14325.160583      nan     1.0  0.230769   0.498996  2.220446e-16  0.995898  1.725663
1339             W-Nabellen offertes   5000.000000    11259     0.0              A-ACCEPTED  17733.761890      nan     1.0  0.230769   0.498996  2.220446e-16  0.995898  1.725663
1340            W-Valideren aanvraag   5000.000000    10138     0.0             O-SENT-BACK  10593.662824      nan     1.0  0.230769   0.498996  2.220446e-16  0.995898  1.725663
1341            W-Valideren aanvraag   5000.000000    10138     0.0             A-SUBMITTED  -7438.608258      nan     1.0  0.230769   0.498996  2.220446e-16  0.995898  1.725663
1342  W-Nabellen incomplete dossiers   5000.000000    11181     0.0                     -s-  22171.423065      nan     1.0  0.230769   0.498996  2.220446e-16  0.995898  1.725663
1343  W-Nabellen incomplete dossiers   5000.000000    10899     0.0     W-Nabellen offertes  26844.241321      nan     1.0  0.230769   0.498996  2.220446e-16  0.995898  1.725663
1344                      A-APPROVED   5000.000000    10138     0.0             A-FINALIZED   9974.708046      nan     1.0  0.230769   0.498996  2.220446e-16  0.995898  1.725663
1345                      O-ACCEPTED   5000.000000    10138     0.0               O-CREATED  20780.742740      nan     1.0  0.230769   0.498996  2.220446e-16  0.995898  1.725663
1346                    A-REGISTERED   5000.000000    10138     0.0                     -s-  36330.587522      nan     1.0  0.230769   0.498996  2.220446e-16  0.995898  1.725663
1347                     A-ACTIVATED   5000.000000    10138     0.0             A-SUBMITTED  17723.719591      nan     1.0  0.230769   0.498996  2.220446e-16  0.995898  1.725663
1348            W-Valideren aanvraag   5000.000000    10138     0.0    W-Valideren aanvraag   5619.586102      nan     1.0  0.230769   0.498996  2.220446e-16  0.995898  1.725663
1349                            -/s-  15214.229937      nan     0.0     W-Beoordelen fraude   6407.479362      nan     1.0  0.230769   0.498996  2.220446e-16  0.995898  1.725663
